condition rt
1 339
1 373
1 451
1 739
1 354
1 441
1 541
1 375
1 402
1 425
1 331
1 727
1 454
1 715
1 288
1 542
1 489
1 350
1 574
1 559
1 326
1 348
1 380
1 487
1 385
1 359
1 410
1 654
1 402
1 364
1 398
1 389
1 469
1 524
1 406
1 396
1 532
1 569
1 390
1 379
1 376
1 416
1 333
1 571
1 311
1 314
1 362
1 306
1 418
1 451
1 544
1 342
1 373
1 613
1 406
1 329
1 412
1 553
1 305
1 374
1 562
1 388
1 553
1 351
1 374
1 357
1 384
1 307
1 386
1 517
1 356
1 495
1 647
1 444
1 589
1 390
1 502
1 340
1 418
1 329
1 456
1 355
1 562
1 301
1 539
1 382
1 297
1 359
1 319
1 476
1 564
1 308
1 301
1 566
1 616
1 313
1 355
1 385
1 419
1 485
1 523
1 415
1 466
1 354
1 673
1 397
1 335
1 390
1 489
1 372
1 463
1 621
1 310
1 359
1 343
1 467
1 811
1 902
1 334
1 393
1 360
1 280
1 423
1 814
1 362
1 489
1 427
1 385
1 296
1 443
1 511
1 372
1 393
1 463
1 382
1 748
1 374
1 401
1 447
1 306
1 342
1 336
1 650
1 367
1 508
1 406
1 308
1 793
1 348
1 393
1 454
1 331
1 405
1 576
1 621
1 282
1 322
1 297
1 383
1 321
1 396
1 533
1 434
1 420
1 551
1 353
1 376
1 428
1 560
1 435
1 392
1 313
1 310
1 395
1 368
1 351
1 442
1 394
1 310
1 285
1 282
1 488
1 427
1 486
1 343
1 296
1 308
1 536
1 359
1 520
1 316
1 249
1 446
1 510
1 401
1 351
1 369
1 437
1 263
1 277
1 325
1 396
1 508
1 468
1 495
1 804
1 325
1 407
1 387
1 406
1 338
1 342
1 494
1 544
1 308
1 609
1 532
1 270
1 471
1 401
1 364
1 476
1 342
1 409
1 316
1 718
1 647
1 316
1 375
1 344
1 552
1 328
1 422
1 383
1 294
1 355
1 353
1 496
1 352
1 291
1 403
1 450
1 432
1 530
1 737
1 307
1 410
1 719
1 371
1 462
1 285
1 497
1 420
1 345
1 466
1 312
1 512
1 327
1 349
1 343
1 362
1 565
1 737
1 360
1 416
1 375
1 393
1 330
1 535
1 541
1 367
1 419
1 451
1 499
1 392
1 310
1 340
1 325
1 479
1 334
1 558
1 399
1 451
1 348
1 361
1 473
1 348
1 533
1 289
1 535
1 491
1 427
1 447
1 465
1 333
1 388
1 528
1 565
1 475
1 351
1 393
1 321
1 389
1 592
1 654
1 399
1 420
1 421
1 490
1 426
1 307
1 421
1 296
1 496
1 414
1 450
1 427
1 376
1 316
1 588
1 593
1 464
1 354
1 461
1 287
1 235
1 328
1 442
1 366
1 259
1 286
1 422
1 460
1 374
1 359
1 367
1 315
1 324
1 356
1 613
1 349
1 250
1 331
1 336
1 699
1 457
1 815
1 374
1 363
1 382
1 464
1 276
1 285
1 405
1 446
1 964
1 360
1 331
1 376
1 633
1 429
1 412
1 264
1 398
1 344
1 498
1 675
1 370
1 282
1 429
1 909
1 363
1 298
1 384
1 641
1 448
1 279
1 501
1 462
1 606
1 365
1 494
1 250
1 422
1 439
1 359
1 345
1 501
1 513
1 575
1 638
1 428
1 406
1 714
1 500
1 380
1 299
1 506
1 360
1 557
1 309
1 404
1 436
1 481
1 345
1 697
1 302
1 447
1 621
1 308
1 376
1 491
1 315
1 1545
1 337
1 331
1 512
1 287
1 351
1 306
1 433
1 365
1 542
1 467
1 408
1 520
1 311
1 397
1 587
1 541
1 562
1 552
1 400
1 515
1 531
1 298
1 438
1 382
1 310
1 368
1 305
1 336
1 382
1 313
1 354
1 461
1 538
1 373
1 610
1 371
1 422
1 558
1 258
1 349
1 430
1 461
1 487
1 350
1 422
1 572
1 371
1 390
1 343
1 326
1 430
1 577
1 515
1 327
1 336
1 386
1 394
1 275
1 538
1 300
1 370
1 608
1 272
1 484
1 530
1 394
1 343
1 393
1 396
1 352
1 685
1 323
1 363
1 357
1 421
1 397
1 499
1 451
1 368
1 493
1 667
1 618
1 356
1 403
1 451
1 390
1 373
1 664
1 363
1 385
1 357
1 399
1 327
1 289
1 402
1 435
1 398
1 602
1 373
1 349
1 426
1 348
1 301
1 431
1 390
1 554
1 309
1 476
1 916
1 423
1 370
1 415
1 314
1 329
1 600
1 408
1 973
1 337
1 1015
1 309
1 310
1 350
1 385
1 431
1 294
1 599
1 438
1 402
1 764
1 389
1 414
1 318
1 341
1 729
1 473
1 272
1 395
1 465
1 400
1 449
1 447
1 570
1 569
1 430
1 385
1 330
1 334
1 340
1 422
1 456
1 584
1 574
1 369
1 318
1 341
1 277
1 415
1 351
1 380
1 465
1 286
1 425
1 391
1 367
1 289
1 392
1 346
1 488
1 281
1 438
1 332
1 356
1 369
1 287
1 303
1 512
1 393
1 266
1 368
1 416
1 354
1 467
1 329
1 420
1 491
1 372
1 321
1 381
1 372
1 359
1 406
1 318
1 266
1 361
1 422
1 419
1 314
1 871
1 282
1 532
1 395
1 494
1 349
1 411
1 306
1 351
1 346
1 682
1 621
1 463
1 404
1 391
1 464
1 282
1 460
1 359
1 403
1 275
1 547
1 506
1 377
1 342
1 435
1 337
1 583
1 451
1 480
1 317
1 245
1 358
1 406
1 314
1 531
1 704
1 337
1 606
1 291
1 613
1 331
1 330
1 580
1 344
1 452
1 264
1 402
1 584
1 379
1 523
1 721
1 494
1 430
1 396
1 420
1 315
1 261
1 381
1 464
1 547
1 365
1 336
1 372
1 292
1 393
1 311
1 277
1 425
1 367
1 541
1 357
1 352
1 533
1 864
1 337
1 336
1 435
1 436
1 353
1 443
1 348
1 332
1 294
1 349
1 291
1 311
1 450
1 477
1 367
1 329
1 444
1 607
1 423
1 375
1 464
1 446
1 406
1 393
1 321
1 370
1 525
1 435
1 488
1 622
1 316
1 403
1 520
1 397
1 310
1 546
1 513
1 380
1 403
1 448
1 560
1 501
1 320
1 516
1 580
1 817
1 492
1 493
1 497
1 682
1 446
1 421
1 433
1 344
1 352
1 316
1 326
1 327
1 336
1 531
1 419
1 490
1 324
1 557
1 303
1 440
1 405
1 499
1 326
1 350
1 655
1 368
1 311
1 535
1 525
1 421
1 335
1 559
1 300
1 379
1 551
1 288
1 461
1 362
1 361
1 389
1 560
1 293
1 275
1 624
1 357
1 367
1 468
1 274
1 327
1 527
1 532
1 391
1 521
1 291
1 580
1 510
1 586
1 440
1 462
1 443
1 349
1 397
1 435
1 761
1 715
1 611
1 765
1 345
1 400
1 422
1 292
1 369
1 311
1 592
1 443
1 414
1 386
1 471
1 430
1 343
1 387
1 1070
1 462
1 551
1 623
1 389
1 257
1 328
1 355
1 370
1 415
1 368
1 368
1 556
1 338
1 368
1 535
1 315
1 296
1 609
1 321
1 349
1 402
1 331
1 487
1 377
1 352
1 381
1 478
1 641
1 304
1 337
1 402
1 297
1 325
1 280
1 255
1 475
1 324
1 387
1 631
1 334
1 663
1 511
1 398
1 588
1 417
1 404
1 324
1 544
1 340
1 513
1 335
1 453
1 465
1 316
1 292
1 327
1 322
1 360
1 374
1 577
1 569
1 351
1 277
1 271
1 415
1 365
1 569
1 310
1 919
1 410
1 358
1 294
1 419
1 293
1 578
1 495
1 380
1 419
1 480
1 490
1 427
1 404
1 388
1 431
1 328
1 572
1 582
1 289
1 386
1 281
1 369
1 414
1 446
1 420
1 461
1 547
1 288
1 906
1 346
1 253
1 449
1 341
1 318
1 403
1 485
1 343
1 399
1 506
1 504
1 351
1 342
1 588
1 524
1 311
1 502
1 355
1 333
1 444
1 306
1 402
1 334
1 441
1 324
1 661
1 366
1 332
1 528
1 404
1 525
1 432
1 432
1 322
1 556
1 392
1 445
1 310
1 321
1 270
1 353
1 396
1 479
1 363
1 459
1 382
1 419
1 356
1 418
1 455
1 389
1 531
1 503
1 444
1 411
1 351
1 432
1 327
1 483
1 345
1 243
1 365
1 383
1 623
1 351
1 398
1 527
1 374
1 311
1 418
1 359
1 735
1 428
1 571
1 613
1 344
1 601
1 483
1 390
1 328
1 705
1 424
1 515
1 381
1 335
1 370
1 374
1 312
1 381
1 328
1 423
1 383
1 429
1 427
1 652
1 362
1 382
1 361
1 269
1 443
1 320
1 308
1 473
1 486
1 305
1 428
1 345
1 455
1 465
1 538
1 349
1 419
1 301
1 544
1 358
1 416
1 345
1 654
1 322
1 342
1 344
1 337
1 351
1 390
1 394
1 388
1 405
1 420
1 336
1 495
1 469
1 329
1 593
1 591
1 284
1 351
1 414
1 373
1 412
1 317
1 403
1 508
1 468
1 382
1 367
1 304
1 404
1 347
1 382
1 319
1 468
1 412
1 403
1 295
1 311
1 518
1 403
1 494
1 389
1 381
1 283
1 745
1 382
1 622
1 380
1 369
1 374
1 369
1 449
1 265
1 906
1 643
1 386
1 331
1 482
1 526
1 281
1 437
1 386
1 404
1 380
1 284
1 397
1 666
1 555
1 306
1 311
1 869
1 592
1 496
1 446
1 512
1 367
1 637
1 470
1 358
1 319
1 459
1 311
1 927
1 294
1 290
1 385
1 341
1 543
1 576
1 664
1 357
1 324
1 398
1 306
1 475
1 549
1 444
1 288
1 518
1 297
1 379
1 339
1 279
1 656
1 475
1 375
1 483
1 490
1 406
1 518
1 354
1 338
1 274
1 527
1 420
1 375
1 378
1 453
1 324
1 445
1 502
1 850
1 300
1 370
1 344
1 259
1 549
1 541
1 548
1 461
1 370
1 442
1 632
1 726
1 382
1 338
1 408
1 343
1 297
1 315
1 422
1 390
1 461
1 385
1 557
1 414
1 259
1 642
1 291
1 483
1 546
1 442
1 295
1 291
1 332
1 315
1 294
1 321
1 459
1 735
1 304
1 433
1 282
1 338
1 314
1 387
1 448
1 295
1 429
1 905
1 492
1 422
1 337
1 348
1 310
1 279
1 508
1 297
1 357
1 681
1 654
1 330
1 436
1 389
1 335
1 333
1 327
1 303
1 384
1 434
1 820
1 409
1 316
1 277
1 449
1 397
1 369
1 375
1 317
1 289
1 713
1 374
1 331
1 257
1 482
1 326
1 356
1 433
1 495
1 383
1 533
1 333
1 459
1 349
1 515
1 309
1 444
1 477
1 365
1 376
1 353
1 354
1 503
1 373
1 475
1 436
1 343
1 338
1 538
1 458
1 433
1 386
1 385
1 355
1 380
1 618
1 469
1 297
1 361
1 558
1 315
1 549
1 515
1 346
1 412
1 381
1 389
1 304
1 300
1 320
1 396
1 267
1 480
1 344
1 357
1 394
1 389
1 309
1 419
1 385
1 338
1 482
1 347
1 278
1 331
1 370
1 576
1 431
1 409
1 414
1 488
1 479
1 359
1 404
1 779
1 457
1 402
1 340
1 364
1 526
1 679
1 505
1 354
1 322
1 333
1 297
1 331
1 396
1 304
1 508
1 689
1 453
1 506
1 754
1 352
1 296
1 370
1 287
1 328
1 298
1 534
1 365
1 460
1 381
1 282
1 450
1 679
1 370
1 434
1 541
1 396
1 506
1 567
1 456
1 409
1 784
1 485
1 378
1 355
1 474
1 504
1 277
1 510
1 450
1 434
1 369
1 461
1 514
1 276
1 331
1 466
1 262
1 367
1 490
1 343
1 354
1 461
1 327
1 619
1 403
1 393
1 332
1 530
1 341
1 283
1 722
1 317
1 404
1 534
1 460
1 442
1 379
1 787
1 339
1 615
1 841
1 404
1 539
1 275
1 368
1 353
1 284
1 709
1 430
1 545
1 384
1 452
1 444
1 353
1 366
1 389
1 446
1 550
1 332
1 406
1 336
1 324
1 335
1 359
1 323
1 532
1 302
1 795
1 548
1 474
1 378
1 457
1 568
1 304
1 305
1 321
1 429
1 396
1 380
1 390
1 841
1 505
1 458
1 322
1 349
1 423
1 402
1 417
1 407
1 297
1 496
1 251
1 470
1 358
1 524
1 801
1 280
1 334
1 406
1 501
1 274
1 479
1 354
1 316
1 315
1 335
1 306
1 384
1 283
1 366
1 297
1 375
1 373
1 419
1 477
1 411
1 301
1 527
1 439
1 316
1 365
1 385
1 387
1 519
1 591
1 322
1 334
1 305
1 825
1 573
1 430
1 327
1 324
1 358
1 533
1 471
1 318
1 402
1 329
1 363
1 341
1 298
1 483
1 445
1 297
1 361
1 301
1 338
1 438
1 355
1 471
1 509
1 651
1 374
1 474
1 465
1 771
1 687
1 442
1 426
1 668
1 450
1 391
1 310
1 351
1 271
1 294
1 303
1 420
1 392
1 397
1 648
1 430
1 592
1 410
1 376
1 310
1 444
1 327
1 498
1 455
1 317
1 314
1 368
1 372
1 384
1 686
1 317
1 292
1 508
1 292
1 575
1 365
1 285
1 624
1 260
1 316
1 494
1 384
1 324
1 433
1 469
1 528
1 418
1 458
1 363
1 792
1 389
1 364
1 346
1 431
1 458
1 502
1 481
1 320
1 398
1 508
1 501
1 359
1 346
1 376
1 326
1 467
1 375
1 547
1 419
1 450
1 347
1 368
1 350
1 637
1 387
1 452
1 519
1 637
1 271
1 496
1 363
1 376
1 385
1 587
1 334
1 404
1 466
1 422
1 367
1 394
1 318
1 262
1 472
1 493
1 393
1 525
1 284
1 479
1 436
1 593
1 410
1 299
1 328
1 412
1 338
1 420
1 477
1 451
1 372
1 295
1 458
1 469
1 357
1 306
1 1195
1 473
1 403
1 333
1 509
1 384
1 416
1 337
1 457
1 292
1 402
1 473
1 288
1 338
1 409
1 325
1 331
1 325
1 670
1 418
1 389
1 362
1 481
1 479
1 426
1 454
1 409
1 402
1 312
1 529
1 395
1 447
1 385
1 324
1 499
1 563
1 437
1 477
1 275
1 404
1 456
1 694
1 439
1 271
1 391
1 281
1 288
1 432
1 404
1 326
1 816
1 368
1 425
1 411
1 313
1 293
1 413
1 352
1 332
1 467
1 379
1 481
1 263
1 447
1 648
1 269
1 425
1 527
1 339
1 407
1 290
1 339
1 500
1 310
1 294
1 320
1 418
1 575
1 515
1 740
1 341
1 342
1 371
1 385
1 565
1 442
1 597
1 309
1 527
1 573
1 529
1 392
1 543
1 307
1 332
1 274
1 783
1 436
1 392
1 323
1 291
1 341
1 312
1 400
1 553
1 314
1 400
1 300
1 597
1 390
1 321
1 296
1 300
1 515
1 456
1 281
1 643
1 472
1 457
1 622
1 373
1 342
1 653
1 501
1 280
1 363
1 467
1 570
1 369
1 479
1 437
1 586
1 375
1 449
1 525
1 290
1 538
1 391
1 538
1 391
1 351
1 493
1 353
1 514
1 280
1 375
1 363
1 290
1 789
1 897
1 452
1 320
1 400
1 498
1 828
1 468
1 481
1 366
1 350
1 451
1 552
1 463
1 359
1 626
1 476
1 268
1 395
1 316
1 574
1 347
1 585
1 296
1 367
1 616
1 592
1 560
1 593
1 355
1 554
1 539
1 532
1 400
1 725
1 552
1 440
1 303
1 322
1 390
1 694
1 313
1 438
1 438
1 400
1 327
1 619
1 367
1 349
1 343
1 407
1 468
1 346
1 386
1 298
1 324
1 384
1 529
1 330
1 417
1 699
1 514
1 364
1 346
1 469
1 486
1 637
1 617
1 440
1 363
1 383
1 379
1 309
1 394
1 447
1 543
1 283
1 261
1 581
1 459
1 328
1 310
1 340
1 388
1 575
1 433
1 413
1 585
1 394
1 456
1 449
1 390
1 425
1 446
1 608
1 510
1 464
1 468
1 469
1 340
1 330
1 415
1 348
1 512
1 388
1 491
1 526
1 292
1 477
1 430
1 359
1 270
1 441
1 410
1 386
1 505
1 341
1 475
1 443
1 376
1 397
1 315
1 298
1 370
1 459
1 422
1 396
1 354
1 349
1 381
1 466
1 254
1 382
1 324
1 378
1 372
1 329
1 355
1 297
1 321
1 542
1 591
1 368
1 519
1 1021
1 304
1 275
1 342
1 294
1 425
1 412
1 342
1 666
1 375
1 442
1 346
1 555
1 349
1 454
1 486
1 555
1 673
1 334
1 320
1 403
1 311
1 407
1 429
1 290
1 583
1 493
1 311
1 399
1 431
1 412
1 350
1 581
1 1072
1 473
1 355
1 422
1 344
1 338
1 301
1 361
1 366
1 486
1 292
1 335
1 375
1 328
1 320
1 608
1 540
1 505
1 379
1 418
1 378
1 420
1 347
1 471
1 516
1 362
1 493
1 411
1 296
1 426
1 779
1 805
1 473
1 414
1 327
1 345
1 429
1 456
1 576
1 393
1 560
1 331
1 283
1 489
1 317
1 371
1 379
1 380
1 467
1 287
1 772
1 284
1 403
1 1094
1 259
1 555
1 310
1 540
1 488
1 359
2 640
2 1380
2 381
2 375
2 1039
2 431
2 372
2 755
2 435
2 508
2 415
2 685
2 462
2 381
2 456
2 446
2 762
2 610
2 733
2 471
2 947
2 469
2 514
2 655
2 362
2 419
2 390
2 348
2 1177
2 387
2 383
2 493
2 449
2 826
2 566
2 431
2 497
2 564
2 539
2 547
2 487
2 689
2 466
2 879
2 775
2 609
2 628
2 517
2 885
2 667
2 419
2 734
2 516
2 1333
2 441
2 622
2 459
2 437
2 1226
2 441
2 600
2 622
2 679
2 419
2 715
2 360
2 375
2 356
2 487
2 410
2 418
2 681
2 642
2 408
2 521
2 1285
2 498
2 425
2 495
2 369
2 599
2 290
2 442
2 412
2 574
2 498
2 550
2 385
2 532
2 628
2 518
2 514
2 516
2 329
2 1021
2 358
2 461
2 325
2 508
2 687
2 732
2 435
2 434
2 457
2 469
2 747
2 378
2 454
2 490
2 644
2 634
2 682
2 382
2 393
2 649
2 398
2 366
2 364
2 487
2 463
2 945
2 571
2 360
2 789
2 386
2 426
2 744
2 453
2 356
2 626
2 874
2 420
2 345
2 427
2 300
2 920
2 389
2 627
2 663
2 680
2 349
2 488
2 810
2 498
2 625
2 638
2 416
2 690
2 404
2 822
2 462
2 321
2 407
2 478
2 386
2 365
2 456
2 720
2 426
2 577
2 289
2 799
2 648
2 336
2 491
2 344
2 452
2 846
2 669
2 430
2 574
2 462
2 412
2 582
2 386
2 581
2 382
2 1039
2 558
2 479
2 526
2 324
2 493
2 466
2 543
2 546
2 350
2 482
2 493
2 449
2 759
2 376
2 671
2 436
2 549
2 397
2 462
2 459
2 424
2 536
2 376
2 408
2 404
2 534
2 458
2 457
2 844
2 448
2 539
2 493
2 487
2 353
2 336
2 466
2 524
2 384
2 473
2 494
2 389
2 761
2 485
2 314
2 566
2 369
2 679
2 531
2 756
2 373
2 325
2 543
2 742
2 320
2 630
2 484
2 460
2 522
2 777
2 548
2 535
2 380
2 405
2 662
2 727
2 946
2 414
2 439
2 356
2 754
2 636
2 398
2 397
2 309
2 829
2 684
2 1265
2 628
2 388
2 763
2 337
2 627
2 424
2 350
2 395
2 423
2 516
2 617
2 614
2 1105
2 322
2 500
2 563
2 531
2 339
2 430
2 433
2 482
2 479
2 1097
2 461
2 496
2 534
2 573
2 385
2 535
2 494
2 296
2 305
2 587
2 403
2 324
2 330
2 525
2 405
2 595
2 402
2 359
2 387
2 400
2 762
2 639
2 829
2 341
2 425
2 579
2 615
2 440
2 648
2 690
2 399
2 329
2 397
2 371
2 437
2 326
2 325
2 652
2 349
2 521
2 727
2 377
2 514
2 802
2 629
2 614
2 470
2 888
2 304
2 693
2 497
2 378
2 572
2 460
2 447
2 430
2 417
2 431
2 622
2 316
2 642
2 515
2 410
2 330
2 978
2 382
2 502
2 306
2 455
2 480
2 415
2 400
2 783
2 501
2 484
2 735
2 552
2 498
2 589
2 469
2 393
2 313
2 533
2 610
2 420
2 567
2 507
2 492
2 446
2 501
2 346
2 587
2 406
2 320
2 484
2 452
2 477
2 855
2 558
2 631
2 693
2 355
2 518
2 490
2 452
2 581
2 453
2 464
2 275
2 372
2 662
2 542
2 394
2 476
2 436
2 933
2 730
2 439
2 383
2 421
2 1424
2 545
2 615
2 683
2 523
2 535
2 398
2 491
2 962
2 581
2 710
2 322
2 426
2 318
2 422
2 489
2 597
2 429
2 443
2 458
2 351
2 434
2 500
2 431
2 531
2 276
2 443
2 560
2 492
2 332
2 368
2 340
2 396
2 495
2 574
2 578
2 353
2 579
2 476
2 583
2 957
2 389
2 797
2 588
2 408
2 317
2 417
2 721
2 494
2 403
2 559
2 635
2 454
2 524
2 611
2 631
2 419
2 537
2 441
2 1153
2 502
2 368
2 332
2 349
2 869
2 338
2 554
2 484
2 557
2 604
2 488
2 361
2 437
2 503
2 439
2 510
2 614
2 336
2 475
2 617
2 452
2 417
2 326
2 610
2 490
2 386
2 512
2 433
2 568
2 698
2 511
2 441
2 471
2 262
2 498
2 491
2 394
2 516
2 715
2 609
2 495
2 332
2 273
2 354
2 604
2 351
2 660
2 410
2 345
2 352
2 479
2 554
2 343
2 240
2 655
2 428
2 415
2 326
2 541
2 547
2 381
2 540
2 689
2 355
2 411
2 932
2 848
2 581
2 317
2 403
2 495
2 312
2 494
2 475
2 390
2 325
2 415
2 452
2 684
2 470
2 416
2 553
2 522
2 486
2 485
2 532
2 504
2 856
2 453
2 516
2 300
2 447
2 343
2 341
2 459
2 393
2 607
2 367
2 423
2 579
2 499
2 480
2 396
2 450
2 501
2 457
2 467
2 270
2 558
2 731
2 361
2 441
2 686
2 611
2 493
2 427
2 451
2 433
2 460
2 549
2 416
2 1007
2 493
2 618
2 419
2 402
2 367
2 315
2 544
2 620
2 520
2 1298
2 434
2 1008
2 453
2 406
2 335
2 375
2 768
2 475
2 450
2 720
2 553
2 351
2 359
2 503
2 649
2 327
2 426
2 473
2 365
2 658
2 402
2 477
2 453
2 751
2 400
2 511
2 514
2 698
2 316
2 561
2 536
2 455
2 391
2 627
2 1047
2 465
2 486
2 456
2 664
2 377
2 473
2 547
2 313
2 522
2 358
2 968
2 377
2 432
2 435
2 352
2 515
2 555
2 328
2 414
2 664
2 497
2 504
2 391
2 377
2 654
2 441
2 477
2 521
2 590
2 638
2 612
2 582
2 498
2 435
2 530
2 557
2 457
2 623
2 601
2 599
2 380
2 488
2 343
2 455
2 436
2 830
2 533
2 339
2 360
2 469
2 398
2 479
2 292
2 814
2 255
2 558
2 454
2 515
2 593
2 493
2 634
2 511
2 443
2 422
2 1139
2 356
2 616
2 670
2 546
2 511
2 273
2 373
2 561
2 330
2 468
2 751
2 310
2 403
2 363
2 301
2 415
2 347
2 857
2 302
2 610
2 545
2 706
2 335
2 623
2 297
2 667
2 379
2 554
2 322
2 523
2 427
2 421
2 602
2 371
2 902
2 488
2 410
2 570
2 475
2 624
2 456
2 404
2 362
2 377
2 461
2 510
2 589
2 481
2 500
2 341
2 518
2 294
2 448
2 1148
2 549
2 656
2 582
2 388
2 447
2 693
2 442
2 653
2 458
2 490
2 364
2 426
2 448
2 393
2 368
2 931
2 599
2 793
2 508
2 410
2 824
2 577
2 601
2 610
2 389
2 749
2 409
2 369
2 564
2 541
2 344
2 389
2 355
2 286
2 452
2 447
2 360
2 494
2 663
2 480
2 609
2 868
2 823
2 408
2 486
2 598
2 474
2 524
2 558
2 937
2 529
2 517
2 450
2 892
2 309
2 478
2 510
2 498
2 479
2 902
2 440
2 416
2 416
2 399
2 329
2 742
2 414
2 667
2 560
2 631
2 908
2 514
2 398
2 440
2 768
2 445
2 445
2 405
2 354
2 707
2 490
2 582
2 283
2 389
2 568
2 684
2 391
2 424
2 915
2 634
2 295
2 633
2 288
2 391
2 819
2 479
2 482
2 529
2 589
2 480
2 398
2 382
2 312
2 500
2 311
2 695
2 514
2 452
2 418
2 708
2 422
2 391
2 413
2 538
2 399
2 551
2 319
2 413
2 500
2 428
2 352
2 479
2 454
2 485
2 769
2 468
2 381
2 291
2 401
2 680
2 1146
2 417
2 550
2 506
2 482
2 595
2 304
2 810
2 572
2 440
2 789
2 414
2 391
2 365
2 588
2 921
2 562
2 353
2 549
2 314
2 375
2 657
2 504
2 703
2 461
2 396
2 341
2 534
2 685
2 598
2 419
2 345
2 365
2 386
2 386
2 477
2 577
2 438
2 590
2 428
2 533
2 512
2 323
2 364
2 1340
2 422
2 454
2 456
2 533
2 416
2 461
2 406
2 387
2 441
2 618
2 380
2 663
2 505
2 361
2 422
2 429
2 713
2 377
2 336
2 575
2 492
2 637
2 448
2 484
2 510
2 547
2 359
2 299
2 388
2 416
2 468
2 585
2 639
2 534
2 442
2 448
2 608
2 425
2 789
2 672
2 405
2 331
2 691
2 698
2 336
2 624
2 1008
2 432
2 557
2 485
2 432
2 538
2 529
2 421
2 433
2 469
2 620
2 400
2 317
2 427
2 388
2 402
2 821
2 515
2 455
2 418
2 434
2 315
2 487
2 311
2 531
2 560
2 482
2 389
2 533
2 514
2 601
2 474
2 693
2 280
2 434
2 418
2 435
2 397
2 524
2 538
2 318
2 816
2 528
2 853
2 577
2 421
2 456
2 537
2 503
2 684
2 412
2 329
2 500
2 419
2 467
2 302
2 376
2 275
2 682
2 444
2 400
2 377
2 582
2 445
2 483
2 504
2 325
2 387
2 392
2 407
2 407
2 1357
2 778
2 467
2 465
2 938
2 415
2 349
2 513
2 587
2 566
2 520
2 329
2 520
2 487
2 633
2 456
2 427
2 575
2 430
2 429
2 372
2 632
2 486
2 411
2 382
2 356
2 760
2 554
2 392
2 568
2 404
2 941
2 679
2 493
2 542
2 325
2 493
2 443
2 349
2 496
2 423
2 527
2 337
2 479
2 546
2 720
2 693
2 497
2 487
2 701
2 614
2 541
2 336
2 566
2 477
2 511
2 531
2 555
2 1075
2 349
2 518
2 390
2 710
2 436
2 401
2 632
2 535
2 361
2 897
2 464
2 590
2 503
2 370
2 533
2 622
2 715
2 716
2 760
2 486
2 442
2 647
2 536
2 399
2 361
2 474
2 530
2 475
2 1094
2 620
2 388
2 487
2 436
2 428
2 645
2 353
2 374
2 608
2 403
2 385
2 348
2 363
2 354
2 1155
2 504
2 766
2 661
2 514
2 753
2 434
2 375
2 599
2 621
2 546
2 625
2 622
2 527
2 561
2 633
2 542
2 422
2 534
2 802
2 376
2 860
2 426
2 670
2 559
2 948
2 752
2 558
2 587
2 366
2 1106
2 691
2 492
2 515
2 644
2 348
2 411
2 338
2 430
2 345
2 466
2 416
2 442
2 504
2 259
2 516
2 559
2 285
2 576
2 475
2 463
2 253
2 836
2 378
2 518
2 490
2 408
2 525
2 374
2 590
2 294
2 748
2 1036
2 465
2 438
2 511
2 442
2 411
2 460
2 551
2 729
2 713
2 482
2 815
2 737
2 764
2 474
2 675
2 313
2 635
2 542
2 494
2 534
2 701
2 434
2 388
2 442
2 834
2 554
2 278
2 551
2 433
2 907
2 436
2 839
2 418
2 376
2 380
2 378
2 856
2 849
2 699
2 336
2 407
2 502
2 627
2 398
2 321
2 423
2 418
2 414
2 466
2 400
2 279
2 314
2 714
2 544
2 914
2 656
2 699
2 369
2 493
2 626
2 319
2 508
2 465
2 497
2 309
2 570
2 418
2 326
2 413
2 410
2 359
2 387
2 378
2 517
2 415
2 539
2 920
2 462
2 525
2 441
2 607
2 354
2 470
2 683
2 736
2 441
2 627
2 514
2 424
2 633
2 409
2 712
2 343
2 547
2 442
2 303
2 736
2 388
2 299
2 451
2 1022
2 550
2 697
2 886
2 828
2 544
2 769
2 967
2 442
2 456
2 355
2 340
2 608
2 667
2 431
2 733
2 915
2 410
2 351
2 819
2 449
2 481
2 598
2 571
2 515
2 275
2 385
2 359
2 782
2 541
2 400
2 315
2 313
2 797
2 540
2 374
2 606
2 548
2 371
2 274
2 557
2 293
2 607
2 611
2 436
2 368
2 330
2 277
2 390
2 380
2 576
2 598
2 607
2 464
2 458
2 382
2 598
2 490
2 558
2 357
2 873
2 345
2 517
2 689
2 609
2 442
2 518
2 429
2 969
2 573
2 604
2 739
2 776
2 689
2 543
2 433
2 356
2 527
2 447
2 802
2 284
2 799
2 652
2 701
2 1088
2 412
2 492
2 427
2 351
2 556
2 353
2 442
2 550
2 519
2 579
2 634
2 321
2 607
2 350
2 647
2 327
2 534
2 315
2 801
2 561
2 483
2 331
2 427
2 541
2 538
2 420
2 490
2 1088
2 731
2 628
2 579
2 371
2 645
2 519
2 441
2 419
2 373
2 324
2 383
2 359
2 683
2 502
2 350
2 304
2 567
2 992
2 273
2 601
2 530
2 850
2 404
2 353
2 825
2 291
2 545
2 588
2 1069
2 745
2 887
2 487
2 456
2 445
2 650
2 659
2 495
2 388
2 369
2 427
2 571
2 420
2 475
2 335
2 373
2 397
2 440
2 434
2 468
2 427
2 326
2 944
2 561
2 657
2 825
2 346
2 589
2 343
2 358
2 541
2 728
2 381
2 516
2 483
2 561
2 453
2 346
2 683
2 400
2 324
2 453
2 778
2 318
2 612
2 907
2 321
2 400
2 409
2 815
2 269
2 446
2 692
2 367
2 413
2 528
2 1266
2 481
2 714
2 551
2 384
2 548
2 641
2 581
2 408
2 451
2 442
2 442
2 654
2 964
2 561
2 525
2 630
2 443
2 514
2 488
2 408
2 521
2 675
2 516
2 666
2 677
2 505
2 491
2 399
2 321
2 769
2 596
2 680
2 346
2 282
2 350
2 283
2 895
2 367
2 429
2 405
2 488
2 436
2 497
2 597
2 482
2 441
2 528
2 424
2 493
2 387
2 405
2 505
2 413
2 430
2 474
2 529
2 364
2 961
2 339
2 486
2 311
2 550
2 307
2 421
2 476
2 400
2 326
2 352
2 803
2 555
2 346
2 427
2 428
2 296
2 503
2 379
2 389
2 426
2 465
2 900
2 560
2 584
2 777
2 513
2 352
2 562
2 690
2 542
2 390
2 658
2 415
2 342
2 419
2 653
2 370
2 318
2 583
2 684
2 484
2 523
2 489
2 521
2 564
2 323
2 541
2 631
2 771
2 682
2 292
2 670
2 484
2 505
2 417
2 701
2 599
2 509
2 463
2 460
2 796
2 644
2 507
2 738
2 667
2 661
2 407
2 581
2 285
2 427
2 499
2 739
2 337
2 482
2 377
2 523
2 547
2 558
2 344
2 358
2 530
2 480
2 359
2 352
2 492
2 489
2 776
2 409
2 627
2 506
2 460
2 528
2 326
2 336
2 630
2 357
2 757
2 327
2 412
2 1218
2 433
2 837
2 523
2 432
2 482
2 472
2 547
2 583
2 638
2 323
2 362
2 517
2 439
2 568
2 411
2 537
2 571
2 400
2 774
2 601
2 420
2 495
2 415
2 671
2 469
2 291
2 628
2 490
2 446
2 459
2 433
2 514
2 435
2 401
2 356
2 547
2 612
2 500
2 532
2 680
2 580
2 503
2 361
2 376
2 497
2 682
2 523
2 674
2 459
2 552
2 450
2 559
2 443
2 651
2 795
2 523
2 576
2 361
2 446
2 355
2 437
2 409
2 567
2 376
2 503
2 433
2 675
2 357
2 949
2 551
2 650
2 414
2 655
2 501
2 362
2 545
2 532
2 649
2 647
2 423
2 502
2 278
2 759
2 875
2 717
2 448
2 379
2 419
2 433
2 314
2 973
2 605
2 820
2 788
2 536
2 728
2 942
2 551
2 343
2 357
2 620
2 314
2 357
2 507
2 392
2 566
2 403
2 350
2 479
2 778
2 458
2 500
2 464
2 453
2 352
2 319
2 583
2 625
2 347
2 574
2 685
2 431
2 299
2 387
2 409
2 477
2 557
2 430
2 577
2 742
2 426
2 498
2 385
2 538
2 531
2 356
2 317
2 425
2 377
2 331
2 403
2 444
2 501
2 507
2 408
2 342
2 434
2 407
2 431
2 772
2 560
2 596
2 342
2 363
2 433
2 595
2 359
2 402
2 567
2 406
2 362
2 460
2 325
2 413
2 678
2 314
2 724
2 454
2 496
2 332
2 513
2 515
2 421
2 579
2 440
2 523
2 504
2 533
2 714
2 379
2 435
2 480
2 582
2 539
2 389
2 590
2 266
2 527
2 806
2 670
2 676
2 504
2 1655
2 313
2 499
2 857
2 535
2 534
2 648
2 507
2 520
2 367
2 579
2 331
2 453
2 350
2 551
2 674
2 620
2 547
2 625
2 344
2 682
2 554
2 295
2 492
2 440
2 318
2 808
2 376
2 489
2 838
2 524
2 477
2 384
2 304
2 401
2 374
2 457
2 483
2 472
2 588
2 485
2 457
2 917
2 761
2 335
2 401
2 432
2 708
2 530
2 658
2 631
2 423
2 438
2 751
2 672
2 414
2 486
2 540
2 575
2 512
2 511
2 386
2 413
2 365
2 701
2 411
2 452
2 371
2 402
2 353
2 443
2 1073
2 333
2 638
2 630
2 325
2 356
2 702
2 657
2 436
2 430
2 287
2 535
2 660
2 433
2 352
2 658
2 676
2 749
2 406
2 347
2 451
2 596
2 630
2 464
2 717
2 509
2 404
2 292
2 379
2 367
2 406
2 300
2 382
2 560
2 421
2 537
2 535
2 405
2 432
2 548
2 928
2 382
2 319
2 387
2 464
2 341
2 746
2 406
2 432
2 372
2 379
2 797
2 1130
2 468
2 539
2 434
2 457
2 329
2 438
2 599
2 702
2 691
2 572
2 724
2 579
2 699
2 294
2 425
2 585
2 389
2 480
2 444
2 876
2 362
2 525
2 625
2 469
2 376
2 405
3 920
3 613
3 1783
3 643
3 1484
3 657
3 763
3 684
3 589
3 616
3 483
3 784
3 447
3 394
3 616
3 583
3 932
3 398
3 523
3 485
3 1117
3 804
3 868
3 1387
3 460
3 390
3 846
3 1063
3 722
3 640
3 783
3 515
3 620
3 586
3 636
3 921
3 579
3 397
3 434
3 631
3 513
3 467
3 1000
3 1094
3 505
3 504
3 664
3 643
3 528
3 620
3 510
3 411
3 592
3 945
3 877
3 606
3 462
3 827
3 624
3 586
3 778
3 1102
3 482
3 594
3 438
3 417
3 1098
3 956
3 446
3 694
3 375
3 1254
3 550
3 365
3 617
3 619
3 398
3 1058
3 1024
3 446
3 1125
3 1073
3 610
3 473
3 577
3 659
3 781
3 734
3 828
3 486
3 732
3 587
3 512
3 753
3 380
3 440
3 551
3 487
3 680
3 437
3 699
3 419
3 794
3 725
3 1357
3 882
3 985
3 324
3 725
3 508
3 502
3 705
3 622
3 691
3 572
3 458
3 468
3 604
3 389
3 520
3 549
3 687
3 863
3 392
3 513
3 730
3 730
3 470
3 522
3 468
3 1011
3 438
3 604
3 478
3 628
3 519
3 734
3 575
3 339
3 403
3 526
3 411
3 600
3 722
3 760
3 505
3 296
3 572
3 653
3 482
3 802
3 657
3 714
3 430
3 651
3 507
3 754
3 746
3 1463
3 420
3 733
3 1242
3 590
3 575
3 506
3 379
3 820
3 599
3 614
3 508
3 645
3 560
3 560
3 615
3 422
3 749
3 569
3 809
3 541
3 804
3 400
3 795
3 644
3 347
3 1210
3 482
3 1200
3 558
3 490
3 446
3 601
3 534
3 905
3 603
3 903
3 515
3 1342
3 756
3 798
3 552
3 564
3 411
3 544
3 804
3 423
3 710
3 696
3 448
3 718
3 618
3 492
3 501
3 682
3 702
3 646
3 692
3 634
3 352
3 782
3 631
3 456
3 1098
3 609
3 872
3 570
3 646
3 660
3 820
3 391
3 1695
3 1030
3 705
3 412
3 579
3 640
3 1000
3 469
3 633
3 654
3 564
3 529
3 500
3 343
3 737
3 577
3 398
3 727
3 429
3 900
3 1138
3 335
3 723
3 431
3 1991
3 876
3 468
3 670
3 468
3 418
3 444
3 482
3 430
3 566
3 564
3 625
3 323
3 469
3 558
3 462
3 669
3 825
3 590
3 607
3 688
3 813
3 453
3 783
3 646
3 522
3 628
3 520
3 444
3 707
3 498
3 444
3 659
3 417
3 800
3 885
3 468
3 740
3 592
3 468
3 700
3 515
3 755
3 372
3 671
3 611
3 879
3 730
3 405
3 724
3 1326
3 749
3 701
3 638
3 677
3 677
3 1394
3 497
3 1360
3 861
3 609
3 628
3 605
3 594
3 861
3 422
3 330
3 297
3 379
3 311
3 667
3 609
3 301
3 1042
3 409
3 791
3 579
3 592
3 1126
3 893
3 452
3 746
3 701
3 558
3 632
3 640
3 469
3 539
3 374
3 852
3 581
3 588
3 416
3 729
3 626
3 526
3 456
3 1057
3 610
3 1104
3 708
3 917
3 968
3 1041
3 662
3 804
3 480
3 550
3 986
3 825
3 554
3 762
3 413
3 702
3 372
3 438
3 663
3 558
3 575
3 627
3 937
3 1554
3 513
3 521
3 1547
3 494
3 398
3 551
3 495
3 724
3 970
3 486
3 970
3 444
3 314
3 2000
3 451
3 533
3 783
3 589
3 604
3 853
3 604
3 651
3 485
3 1221
3 444
3 382
3 723
3 529
3 641
3 472
3 435
3 602
3 675
3 360
3 441
3 588
3 533
3 663
3 824
3 651
3 474
3 797
3 915
3 553
3 398
3 648
3 554
3 836
3 809
3 599
3 1025
3 498
3 1089
3 596
3 1054
3 529
3 324
3 415
3 326
3 552
3 515
3 1025
3 1013
3 761
3 408
3 537
3 565
3 377
3 497
3 551
3 854
3 377
3 359
3 561
3 482
3 514
3 660
3 710
3 617
3 737
3 541
3 631
3 499
3 895
3 324
3 458
3 368
3 563
3 611
3 842
3 486
3 611
3 383
3 641
3 430
3 779
3 522
3 434
3 577
3 415
3 743
3 621
3 627
3 1032
3 475
3 752
3 779
3 726
3 384
3 484
3 474
3 637
3 561
3 380
3 514
3 529
3 509
3 410
3 499
3 716
3 1112
3 495
3 519
3 348
3 939
3 459
3 648
3 882
3 657
3 451
3 480
3 450
3 564
3 478
3 736
3 656
3 624
3 1214
3 495
3 748
3 406
3 446
3 1018
3 504
3 873
3 470
3 657
3 790
3 898
3 386
3 444
3 602
3 296
3 858
3 617
3 425
3 517
3 559
3 304
3 752
3 718
3 522
3 568
3 711
3 694
3 893
3 576
3 675
3 784
3 829
3 438
3 736
3 458
3 461
3 653
3 630
3 381
3 687
3 740
3 823
3 656
3 481
3 818
3 480
3 795
3 1259
3 621
3 727
3 638
3 471
3 943
3 638
3 514
3 1313
3 718
3 1307
3 780
3 673
3 663
3 1050
3 1183
3 824
3 433
3 411
3 604
3 1269
3 658
3 1205
3 541
3 542
3 603
3 1047
3 685
3 535
3 359
3 475
3 550
3 463
3 1484
3 486
3 358
3 723
3 616
3 560
3 1032
3 369
3 645
3 522
3 528
3 931
3 535
3 393
3 664
3 478
3 886
3 561
3 561
3 391
3 584
3 409
3 626
3 875
3 512
3 527
3 468
3 821
3 738
3 507
3 600
3 670
3 502
3 706
3 524
3 665
3 652
3 683
3 1020
3 250
3 488
3 549
3 566
3 380
3 619
3 634
3 674
3 753
3 883
3 628
3 706
3 423
3 481
3 640
3 461
3 519
3 533
3 554
3 709
3 736
3 444
3 521
3 703
3 505
3 1534
3 720
3 678
3 1207
3 761
3 671
3 608
3 651
3 684
3 537
3 439
3 465
3 487
3 434
3 481
3 602
3 395
3 570
3 476
3 450
3 771
3 525
3 641
3 713
3 401
3 612
3 1125
3 603
3 420
3 966
3 586
3 655
3 577
3 1208
3 500
3 756
3 384
3 618
3 784
3 453
3 490
3 581
3 689
3 525
3 493
3 397
3 742
3 536
3 879
3 576
3 645
3 954
3 929
3 1024
3 369
3 691
3 519
3 798
3 671
3 425
3 981
3 926
3 651
3 859
3 764
3 521
3 447
3 632
3 1170
3 502
3 1880
3 420
3 623
3 698
3 550
3 557
3 825
3 475
3 470
3 612
3 700
3 506
3 453
3 490
3 580
3 396
3 576
3 845
3 1230
3 460
3 589
3 995
3 543
3 511
3 541
3 832
3 785
3 726
3 948
3 1230
3 470
3 505
3 912
3 667
3 541
3 1392
3 678
3 669
3 1021
3 815
3 458
3 398
3 760
3 594
3 851
3 759
3 484
3 921
3 949
3 580
3 473
3 440
3 773
3 517
3 1174
3 1413
3 395
3 470
3 1172
3 815
3 810
3 273
3 499
3 529
3 480
3 616
3 648
3 988
3 668
3 1251
3 1198
3 683
3 804
3 515
3 450
3 741
3 613
3 801
3 522
3 596
3 931
3 480
3 825
3 601
3 416
3 773
3 897
3 822
3 481
3 737
3 610
3 514
3 999
3 538
3 520
3 591
3 497
3 589
3 383
3 309
3 361
3 430
3 494
3 790
3 408
3 496
3 592
3 447
3 628
3 452
3 410
3 623
3 563
3 449
3 404
3 763
3 604
3 357
3 583
3 402
3 628
3 431
3 604
3 930
3 601
3 691
3 412
3 758
3 640
3 983
3 464
3 670
3 435
3 421
3 862
3 1432
3 417
3 1226
3 616
3 759
3 635
3 450
3 356
3 588
3 604
3 478
3 670
3 890
3 476
3 779
3 608
3 455
3 462
3 373
3 895
3 529
3 643
3 712
3 1036
3 504
3 739
3 922
3 395
3 579
3 993
3 634
3 450
3 458
3 615
3 551
3 417
3 556
3 584
3 905
3 661
3 625
3 706
3 365
3 390
3 430
3 872
3 813
3 389
3 411
3 933
3 837
3 886
3 577
3 914
3 387
3 690
3 537
3 692
3 462
3 519
3 469
3 658
3 569
3 895
3 710
3 348
3 667
3 612
3 832
3 725
3 393
3 516
3 980
3 841
3 971
3 392
3 477
3 628
3 474
3 633
3 618
3 639
3 524
3 713
3 816
3 786
3 788
3 684
3 379
3 657
3 491
3 942
3 479
3 601
3 569
3 515
3 692
3 584
3 449
3 434
3 696
3 572
3 550
3 514
3 475
3 367
3 1413
3 423
3 353
3 557
3 514
3 519
3 692
3 1252
3 1134
3 480
3 690
3 451
3 504
3 447
3 814
3 837
3 574
3 520
3 639
3 490
3 441
3 670
3 500
3 1021
3 783
3 502
3 380
3 584
3 513
3 525
3 631
3 753
3 495
3 790
3 664
3 518
3 509
3 772
3 595
3 440
3 641
3 521
3 308
3 452
3 607
3 627
3 600
3 687
3 866
3 286
3 581
3 537
3 683
3 672
3 403
3 639
3 705
3 529
3 997
3 816
3 301
3 580
3 1058
3 522
3 437
3 538
3 509
3 734
3 510
3 1115
3 541
3 589
3 729
3 847
3 853
3 962
3 505
3 651
3 545
3 408
3 753
3 307
3 499
3 670
3 472
3 533
3 554
3 348
3 458
3 511
3 858
3 921
3 751
3 682
3 887
3 575
3 807
3 536
3 807
3 494
3 530
3 787
3 795
3 831
3 772
3 636
3 691
3 696
3 795
3 988
3 717
3 562
3 374
3 906
3 731
3 728
3 367
3 550
3 527
3 453
3 538
3 693
3 915
3 932
3 553
3 470
3 447
3 616
3 888
3 391
3 605
3 1062
3 584
3 886
3 538
3 897
3 377
3 514
3 796
3 533
3 581
3 325
3 971
3 760
3 396
3 1124
3 475
3 362
3 368
3 383
3 610
3 905
3 685
3 423
3 389
3 612
3 939
3 696
3 345
3 512
3 646
3 690
3 550
3 619
3 719
3 668
3 636
3 485
3 450
3 492
3 389
3 362
3 772
3 607
3 416
3 1247
3 696
3 336
3 701
3 474
3 576
3 588
3 863
3 561
3 366
3 519
3 891
3 504
3 503
3 1031
3 366
3 439
3 558
3 544
3 578
3 690
3 436
3 478
3 777
3 373
3 684
3 841
3 1006
3 642
3 631
3 480
3 501
3 687
3 359
3 709
3 555
3 851
3 454
3 533
3 791
3 1099
3 486
3 386
3 457
3 466
3 773
3 1227
3 1212
3 431
3 659
3 1003
3 437
3 407
3 495
3 888
3 650
3 555
3 818
3 907
3 464
3 455
3 592
3 740
3 425
3 474
3 459
3 430
3 578
3 643
3 792
3 411
3 1462
3 696
3 728
3 871
3 1139
3 851
3 425
3 621
3 588
3 442
3 452
3 974
3 572
3 638
3 702
3 454
3 1046
3 611
3 460
3 319
3 478
3 401
3 418
3 545
3 494
3 791
3 1126
3 666
3 570
3 601
3 672
3 572
3 811
3 915
3 636
3 903
3 541
3 516
3 361
3 617
3 607
3 862
3 658
3 1245
3 454
3 557
3 586
3 488
3 870
3 597
3 444
3 1163
3 1390
3 532
3 1101
3 1034
3 471
3 569
3 471
3 426
3 568
3 837
3 628
3 665
3 477
3 880
3 880
3 438
3 749
3 773
3 764
3 839
3 439
3 606
3 655
3 463
3 980
3 642
3 410
3 326
3 918
3 482
3 735
3 624
3 1102
3 510
3 744
3 622
3 558
3 666
3 774
3 929
3 470
3 604
3 520
3 500
3 1364
3 839
3 862
3 775
3 932
3 585
3 363
3 718
3 432
3 662
3 755
3 769
3 562
3 859
3 1209
3 475
3 535
3 1420
3 370
3 550
3 631
3 442
3 725
3 1058
3 468
3 608
3 606
3 818
3 832
3 545
3 550
3 598
3 649
3 538
3 504
3 651
3 737
3 684
3 595
3 521
3 462
3 809
3 918
3 434
3 648
3 752
3 1169
3 929
3 634
3 437
3 488
3 623
3 1038
3 962
3 952
3 566
3 574
3 712
3 608
3 632
3 626
3 786
3 786
3 508
3 622
3 428
3 833
3 1036
3 841
3 660
3 836
3 709
3 777
3 449
3 500
3 588
3 418
3 502
3 400
3 656
3 415
3 803
3 360
3 558
3 472
3 562
3 433
3 887
3 797
3 660
3 436
3 448
3 542
3 518
3 961
3 861
3 431
3 687
3 667
3 557
3 601
3 632
3 540
3 540
3 466
3 385
3 713
3 553
3 855
3 984
3 549
3 734
3 501
3 840
3 710
3 585
3 357
3 655
3 317
3 575
3 655
3 1382
3 622
3 567
3 488
3 398
3 848
3 520
3 684
3 904
3 435
3 830
3 894
3 558
3 546
3 1000
3 439
3 610
3 737
3 1008
3 886
3 533
3 525
3 633
3 440
3 845
3 603
3 747
3 654
3 1144
3 1212
3 373
3 652
3 557
3 541
3 1363
3 421
3 732
3 462
3 671
3 419
3 393
3 604
3 564
3 541
3 527
3 1051
3 504
3 773
3 429
3 576
3 671
3 468
3 629
3 602
3 564
3 635
3 457
3 449
3 412
3 614
3 787
3 771
3 650
3 454
3 778
3 984
3 788
3 599
3 381
3 361
3 835
3 331
3 601
3 667
3 578
3 449
3 570
3 655
3 519
3 569
3 503
3 987
3 949
3 565
3 572
3 883
3 632
3 583
3 686
3 655
3 534
3 856
3 747
3 555
3 492
3 396
3 786
3 930
3 379
3 581
3 538
3 842
3 1541
3 848
3 845
3 617
3 442
3 893
3 809
3 785
3 981
3 439
3 474
3 707
3 834
3 574
3 559
3 406
3 536
3 564
3 410
3 631
3 841
3 798
3 553
3 617
3 665
3 729
3 565
3 565
3 477
3 587
3 467
3 697
3 485
3 736
3 923
3 525
3 665
3 889
3 553
3 471
3 588
3 591
3 1396
3 422
3 736
3 449
3 704
3 671
3 665
3 490
3 577
3 679
3 696
3 734
3 568
3 553
3 823
3 536
3 834
3 469
3 921
3 717
3 774
3 786
3 540
3 626
3 661
3 818
3 703
3 469
3 463
3 495
3 450
3 483
3 602
3 922
3 363
3 1001
3 445
3 1340
3 473
3 580
3 671
3 973
3 415
3 484
3 978
3 459
3 401
3 789
3 968
3 776
3 576
3 410
3 446
3 414
3 686
3 543
3 657
3 363
3 775
3 715
3 607
3 570
3 609
3 989
3 613
3 682
3 461
3 396
3 903
3 1218
3 852
3 493
3 452
3 862
3 396
3 425
3 1230
3 633
3 780
3 624
3 821
3 885
3 545
3 1228
3 503
3 824
3 378
3 1707
3 855
3 612
3 491
3 732
3 374
3 662
3 304
3 496
3 298
3 453
3 599
3 971
3 923
3 538
3 813
3 916
3 689
3 404
3 955
3 788
3 409
3 490
3 953
3 334
3 485
3 607
3 948
3 490
3 545
3 938
3 1042
3 528
3 448
3 717
3 438
3 622
3 759
3 594
3 439
3 750
3 906
3 433
3 644
3 1800
3 557
3 689
3 519
3 732
3 618
3 733
3 561
3 519
3 393
3 485
3 666
3 570
3 935
3 524
3 457
3 590
3 497
3 780
3 754
3 902
3 1130
3 508
3 682
3 469
3 1016
3 406
3 721
3 811
3 444
3 474
3 586
3 433
3 966
3 684
3 421
3 625
3 701
3 703
3 1468
3 519
3 480
3 286
3 579
3 916
3 416
3 602
3 617
3 642
3 1093
3 485
3 605
3 556
3 520
3 791
3 765
3 437
3 347
3 690
3 442
3 920
3 438
3 571
3 582
3 478
3 615
3 379
3 736
3 704
3 479
3 673
3 636
3 645
3 492
3 501
3 471
3 493
3 440
3 1024
3 960
3 556
3 551
3 663
3 404
3 797
3 595
3 642
3 913
3 481
3 642
3 367
3 459
3 450
3 919
3 639
3 768
3 621
3 517
3 559
3 492
3 458
3 563
3 737
3 738
3 915
3 525
3 502
3 741
3 638
3 517
3 576
3 508
3 421
3 944
3 621
3 376
3 1005
3 477
3 656
3 1524
3 635
3 501
3 478
3 437
3 588
3 622
3 532
3 595
3 1359
3 787
3 503
3 674
3 550
3 813
3 567
3 765
3 553
3 693
3 598
3 1270
3 706
3 419
3 626
3 693
3 663
3 476
3 646
3 813
3 366
3 1162
3 423
3 832
3 760
3 355
3 735
3 647
3 465
3 415
3 1053
3 1104
3 656
3 434
3 449
3 952
3 575
3 664
3 572
3 661
3 542
3 445
3 535
3 632
3 637
3 446
3 617
3 523
3 572
3 408
3 652
3 824
3 904
3 563
3 552
3 859
3 654
3 437
3 563
3 764
3 637
3 547
3 537
3 810
3 480
3 1341
3 680
3 678
3 742
3 492
3 399
3 717
3 504
3 523
3 315
3 443
3 778
3 417
3 498
3 710
3 391
3 1379
3 575
3 462
3 836
3 725
3 591
3 558
3 616
3 629
3 745
3 478
3 585
3 697
3 544
3 490
3 521
3 465
3 487
3 691
3 819
3 601
3 1098
3 835
3 954
3 344
3 779
3 423
3 542
3 289
3 696
3 428
3 669
3 768
3 465
3 449
3 697
3 401
3 686
3 502
3 468
3 748
3 792
3 547
3 547
3 856
3 898
3 535
3 885
3 642
3 600
3 581
3 972
3 1263
3 612
3 451
3 521
3 642
3 723
3 316
3 573
3 462
3 756
3 819
3 858
3 660
3 719
3 655
3 563
3 761
3 816
3 733
3 804
3 1031
3 646
3 632
3 606
3 503
3 613
3 688
3 634
3 1145
3 623
3 885
3 563
3 693
