course question response frequency
1 1 1 1
1 1 2 2
1 1 3 4
1 1 4 16
1 1 5 17
1 1 6 10
1 1 7 18
1 2 1 1
1 2 2 1
1 2 3 2
1 2 4 10
1 2 5 12
1 2 6 15
1 2 7 28
1 3 1 1
1 3 2 1
1 3 3 1
1 3 4 8
1 3 5 18
1 3 6 12
1 3 7 28
1 4 1 1
1 4 2 2
1 4 3 4
1 4 4 9
1 4 5 8
1 4 6 15
1 4 7 28
1 5 1 1
1 5 2 2
1 5 3 0
1 5 4 9
1 5 5 14
1 5 6 11
1 5 7 30
1 6 1 1
1 6 2 2
1 6 3 0
1 6 4 9
1 6 5 8
1 6 6 21
1 6 7 27
1 7 1 3
1 7 2 3
1 7 3 3
1 7 4 10
1 7 5 10
1 7 6 14
1 7 7 26
1 8 1 1
1 8 2 1
1 8 3 1
1 8 4 10
1 8 5 8
1 8 6 6
1 8 7 22
1 9 1 1
1 9 2 2
1 9 3 0
1 9 4 8
1 9 5 9
1 9 6 10
1 9 7 35
1 10 1 1
1 10 2 1
1 10 3 2
1 10 4 11
1 10 5 14
1 10 6 17
1 10 7 23
1 11 1 2
1 11 2 4
1 11 3 1
1 11 4 12
1 11 5 16
1 11 6 8
1 11 7 24
1 12 1 1
1 12 2 2
1 12 3 1
1 12 4 8
1 12 5 7
1 12 6 9
1 12 7 33
1 13 1 2
1 13 2 3
1 13 3 1
1 13 4 15
1 13 5 7
1 13 6 7
1 13 7 22
1 14 1 2
1 14 2 1
1 14 3 2
1 14 4 7
1 14 5 10
1 14 6 7
1 14 7 31
1 15 1 2
1 15 2 4
1 15 3 2
1 15 4 14
1 15 5 10
1 15 6 12
1 15 7 22
1 16 1 1
1 16 2 1
1 16 3 1
1 16 4 5
1 16 5 11
1 16 6 12
1 16 7 38
1 17 1 1
1 17 2 1
1 17 3 0
1 17 4 8
1 17 5 8
1 17 6 11
1 17 7 24
1 18 1 1
1 18 2 3
1 18 3 3
1 18 4 10
1 18 5 12
1 18 6 10
1 18 7 24
2 1 1 3
2 1 2 2
2 1 3 2
2 1 4 6
2 1 5 1
2 1 6 2
2 1 7 4
2 2 1 5
2 2 2 1
2 2 3 0
2 2 4 6
2 2 5 2
2 2 6 2
2 2 7 4
2 3 1 2
2 3 2 2
2 3 3 2
2 3 4 6
2 3 5 1
2 3 6 2
2 3 7 5
2 4 1 3
2 4 2 3
2 4 3 1
2 4 4 4
2 4 5 4
2 4 6 3
2 4 7 2
2 5 1 3
2 5 2 1
2 5 3 3
2 5 4 5
2 5 5 2
2 5 6 4
2 5 7 2
2 6 1 2
2 6 2 3
2 6 3 1
2 6 4 3
2 6 5 2
2 6 6 5
2 6 7 4
2 7 1 4
2 7 2 1
2 7 3 2
2 7 4 6
2 7 5 3
2 7 6 2
2 7 7 2
2 8 1 3
2 8 2 2
2 8 3 0
2 8 4 3
2 8 5 2
2 8 6 2
2 8 7 3
2 9 1 1
2 9 2 1
2 9 3 2
2 9 4 5
2 9 5 5
2 9 6 2
2 9 7 4
2 10 1 3
2 10 2 2
2 10 3 2
2 10 4 4
2 10 5 3
2 10 6 2
2 10 7 4
2 11 1 2
2 11 2 3
2 11 3 1
2 11 4 6
2 11 5 1
2 11 6 3
2 11 7 3
2 12 1 3
2 12 2 0
2 12 3 2
2 12 4 6
2 12 5 3
2 12 6 2
2 12 7 4
2 13 1 3
2 13 2 2
2 13 3 2
2 13 4 4
2 13 5 5
2 13 6 0
2 13 7 3
2 14 1 0
2 14 2 0
2 14 3 0
2 14 4 1
2 14 5 0
2 14 6 0
2 14 7 2
2 15 1 2
2 15 2 1
2 15 3 1
2 15 4 7
2 15 5 2
2 15 6 3
2 15 7 2
2 16 1 1
2 16 2 2
2 16 3 1
2 16 4 4
2 16 5 3
2 16 6 4
2 16 7 5
2 17 1 0
2 17 2 2
2 17 3 1
2 17 4 4
2 17 5 2
2 17 6 4
2 17 7 4
2 18 1 1
2 18 2 3
2 18 3 3
2 18 4 5
2 18 5 2
2 18 6 0
2 18 7 2
3 1 1 2
3 1 2 3
3 1 3 1
3 1 4 13
3 1 5 7
3 1 6 6
3 1 7 8
3 2 1 2
3 2 2 2
3 2 3 1
3 2 4 9
3 2 5 4
3 2 6 9
3 2 7 13
3 3 1 1
3 3 2 0
3 3 3 2
3 3 4 10
3 3 5 4
3 3 6 8
3 3 7 15
3 4 1 4
3 4 2 0
3 4 3 4
3 4 4 11
3 4 5 5
3 4 6 6
3 4 7 10
3 5 1 3
3 5 2 2
3 5 3 0
3 5 4 7
3 5 5 7
3 5 6 10
3 5 7 10
3 6 1 1
3 6 2 2
3 6 3 2
3 6 4 9
3 6 5 6
3 6 6 5
3 6 7 14
3 7 1 3
3 7 2 2
3 7 3 3
3 7 4 12
3 7 5 7
3 7 6 5
3 7 7 8
3 8 1 1
3 8 2 2
3 8 3 4
3 8 4 6
3 8 5 4
3 8 6 4
3 8 7 8
3 9 1 1
3 9 2 2
3 9 3 1
3 9 4 6
3 9 5 8
3 9 6 6
3 9 7 16
3 10 1 2
3 10 2 2
3 10 3 3
3 10 4 9
3 10 5 7
3 10 6 8
3 10 7 9
3 11 1 3
3 11 2 4
3 11 3 1
3 11 4 11
3 11 5 6
3 11 6 8
3 11 7 7
3 12 1 4
3 12 2 2
3 12 3 1
3 12 4 11
3 12 5 6
3 12 6 6
3 12 7 8
3 13 1 1
3 13 2 4
3 13 3 4
3 13 4 11
3 13 5 6
3 13 6 5
3 13 7 7
3 14 1 5
3 14 2 2
3 14 3 1
3 14 4 9
3 14 5 6
3 14 6 7
3 14 7 7
3 15 1 2
3 15 2 3
3 15 3 6
3 15 4 11
3 15 5 3
3 15 6 4
3 15 7 9
3 16 1 0
3 16 2 0
3 16 3 0
3 16 4 7
3 16 5 7
3 16 6 4
3 16 7 21
3 17 1 0
3 17 2 0
3 17 3 1
3 17 4 4
3 17 5 10
3 17 6 6
3 17 7 15
3 18 1 1
3 18 2 1
3 18 3 1
3 18 4 11
3 18 5 5
3 18 6 10
3 18 7 10
4 1 1 0
4 1 2 0
4 1 3 1
4 1 4 4
4 1 5 2
4 1 6 1
4 1 7 4
4 2 1 0
4 2 2 1
4 2 3 2
4 2 4 3
4 2 5 1
4 2 6 1
4 2 7 4
4 3 1 0
4 3 2 0
4 3 3 2
4 3 4 1
4 3 5 2
4 3 6 3
4 3 7 4
4 4 1 0
4 4 2 1
4 4 3 1
4 4 4 2
4 4 5 2
4 4 6 3
4 4 7 2
4 5 1 0
4 5 2 1
4 5 3 0
4 5 4 4
4 5 5 2
4 5 6 2
4 5 7 3
4 6 1 0
4 6 2 1
4 6 3 2
4 6 4 2
4 6 5 0
4 6 6 4
4 6 7 3
4 7 1 1
4 7 2 0
4 7 3 2
4 7 4 3
4 7 5 2
4 7 6 2
4 7 7 1
4 8 1 0
4 8 2 0
4 8 3 1
4 8 4 2
4 8 5 2
4 8 6 4
4 8 7 0
4 9 1 0
4 9 2 0
4 9 3 0
4 9 4 2
4 9 5 1
4 9 6 5
4 9 7 3
4 10 1 0
4 10 2 1
4 10 3 0
4 10 4 4
4 10 5 1
4 10 6 3
4 10 7 2
4 11 1 1
4 11 2 2
4 11 3 0
4 11 4 5
4 11 5 2
4 11 6 1
4 11 7 1
4 12 1 0
4 12 2 0
4 12 3 2
4 12 4 3
4 12 5 2
4 12 6 0
4 12 7 5
4 13 1 2
4 13 2 0
4 13 3 0
4 13 4 7
4 13 5 0
4 13 6 1
4 13 7 2
4 14 1 0
4 14 2 0
4 14 3 2
4 14 4 2
4 14 5 0
4 14 6 1
4 14 7 1
4 15 1 3
4 15 2 0
4 15 3 1
4 15 4 4
4 15 5 2
4 15 6 0
4 15 7 2
4 16 1 0
4 16 2 0
4 16 3 1
4 16 4 1
4 16 5 3
4 16 6 2
4 16 7 5
4 17 1 0
4 17 2 0
4 17 3 0
4 17 4 2
4 17 5 2
4 17 6 3
4 17 7 4
4 18 1 1
4 18 2 1
4 18 3 0
4 18 4 4
4 18 5 2
4 18 6 2
4 18 7 1
5 1 1 2
5 1 2 1
5 1 3 2
5 1 4 4
5 1 5 4
5 1 6 4
5 1 7 3
5 2 1 1
5 2 2 2
5 2 3 3
5 2 4 4
5 2 5 4
5 2 6 4
5 2 7 2
5 3 1 0
5 3 2 2
5 3 3 1
5 3 4 7
5 3 5 2
5 3 6 5
5 3 7 3
5 4 1 3
5 4 2 4
5 4 3 3
5 4 4 2
5 4 5 2
5 4 6 4
5 4 7 2
5 5 1 2
5 5 2 1
5 5 3 3
5 5 4 5
5 5 5 2
5 5 6 3
5 5 7 4
5 6 1 2
5 6 2 0
5 6 3 2
5 6 4 4
5 6 5 1
5 6 6 8
5 6 7 3
5 7 1 2
5 7 2 1
5 7 3 5
5 7 4 3
5 7 5 1
5 7 6 5
5 7 7 1
5 8 1 1
5 8 2 2
5 8 3 1
5 8 4 3
5 8 5 3
5 8 6 2
5 8 7 3
5 9 1 0
5 9 2 2
5 9 3 2
5 9 4 6
5 9 5 2
5 9 6 3
5 9 7 5
5 10 1 2
5 10 2 1
5 10 3 3
5 10 4 6
5 10 5 1
5 10 6 4
5 10 7 3
5 11 1 3
5 11 2 1
5 11 3 4
5 11 4 3
5 11 5 2
5 11 6 6
5 11 7 1
5 12 1 0
5 12 2 1
5 12 3 2
5 12 4 6
5 12 5 2
5 12 6 4
5 12 7 3
5 13 1 1
5 13 2 2
5 13 3 4
5 13 4 4
5 13 5 3
5 13 6 4
5 13 7 1
5 14 1 0
5 14 2 0
5 14 3 1
5 14 4 1
5 14 5 0
5 14 6 2
5 14 7 0
5 15 1 1
5 15 2 2
5 15 3 3
5 15 4 5
5 15 5 3
5 15 6 3
5 15 7 3
5 16 1 0
5 16 2 0
5 16 3 3
5 16 4 2
5 16 5 4
5 16 6 5
5 16 7 6
5 17 1 0
5 17 2 1
5 17 3 2
5 17 4 4
5 17 5 2
5 17 6 4
5 17 7 4
5 18 1 1
5 18 2 0
5 18 3 3
5 18 4 5
5 18 5 2
5 18 6 2
5 18 7 3
6 1 1 1
6 1 2 2
6 1 3 2
6 1 4 10
6 1 5 2
6 1 6 5
6 1 7 6
6 2 1 2
6 2 2 2
6 2 3 2
6 2 4 7
6 2 5 9
6 2 6 2
6 2 7 4
6 3 1 0
6 3 2 0
6 3 3 0
6 3 4 7
6 3 5 6
6 3 6 8
6 3 7 7
6 4 1 2
6 4 2 0
6 4 3 3
6 4 4 9
6 4 5 3
6 4 6 7
6 4 7 4
6 5 1 0
6 5 2 1
6 5 3 2
6 5 4 8
6 5 5 5
6 5 6 4
6 5 7 8
6 6 1 1
6 6 2 0
6 6 3 3
6 6 4 3
6 6 5 6
6 6 6 7
6 6 7 8
6 7 1 3
6 7 2 2
6 7 3 2
6 7 4 7
6 7 5 3
6 7 6 7
6 7 7 4
6 8 1 1
6 8 2 1
6 8 3 1
6 8 4 3
6 8 5 3
6 8 6 4
6 8 7 7
6 9 1 0
6 9 2 0
6 9 3 2
6 9 4 6
6 9 5 4
6 9 6 4
6 9 7 11
6 10 1 0
6 10 2 2
6 10 3 2
6 10 4 6
6 10 5 6
6 10 6 5
6 10 7 7
6 11 1 1
6 11 2 3
6 11 3 1
6 11 4 8
6 11 5 6
6 11 6 4
6 11 7 5
6 12 1 1
6 12 2 0
6 12 3 0
6 12 4 3
6 12 5 4
6 12 6 6
6 12 7 12
6 13 1 2
6 13 2 1
6 13 3 0
6 13 4 13
6 13 5 2
6 13 6 6
6 13 7 3
6 14 1 0
6 14 2 0
6 14 3 0
6 14 4 1
6 14 5 2
6 14 6 6
6 14 7 17
6 15 1 0
6 15 2 2
6 15 3 3
6 15 4 7
6 15 5 3
6 15 6 4
6 15 7 7
6 16 1 0
6 16 2 0
6 16 3 0
6 16 4 6
6 16 5 5
6 16 6 7
6 16 7 10
6 17 1 0
6 17 2 0
6 17 3 1
6 17 4 7
6 17 5 4
6 17 6 2
6 17 7 8
6 18 1 0
6 18 2 2
6 18 3 1
6 18 4 7
6 18 5 6
6 18 6 5
6 18 7 6
7 1 1 0
7 1 2 0
7 1 3 0
7 1 4 3
7 1 5 1
7 1 6 3
7 1 7 3
7 2 1 0
7 2 2 0
7 2 3 2
7 2 4 1
7 2 5 2
7 2 6 2
7 2 7 3
7 3 1 0
7 3 2 0
7 3 3 1
7 3 4 2
7 3 5 0
7 3 6 1
7 3 7 6
7 4 1 0
7 4 2 0
7 4 3 1
7 4 4 3
7 4 5 2
7 4 6 1
7 4 7 3
7 5 1 0
7 5 2 0
7 5 3 1
7 5 4 2
7 5 5 2
7 5 6 3
7 5 7 2
7 6 1 0
7 6 2 0
7 6 3 0
7 6 4 3
7 6 5 2
7 6 6 3
7 6 7 2
7 7 1 0
7 7 2 0
7 7 3 0
7 7 4 4
7 7 5 3
7 7 6 0
7 7 7 3
7 8 1 0
7 8 2 0
7 8 3 0
7 8 4 4
7 8 5 1
7 8 6 2
7 8 7 2
7 9 1 0
7 9 2 0
7 9 3 1
7 9 4 4
7 9 5 0
7 9 6 3
7 9 7 2
7 10 1 0
7 10 2 0
7 10 3 0
7 10 4 3
7 10 5 1
7 10 6 3
7 10 7 3
7 11 1 1
7 11 2 0
7 11 3 1
7 11 4 2
7 11 5 1
7 11 6 2
7 11 7 2
7 12 1 1
7 12 2 0
7 12 3 1
7 12 4 2
7 12 5 1
7 12 6 2
7 12 7 2
7 13 1 1
7 13 2 0
7 13 3 1
7 13 4 5
7 13 5 1
7 13 6 1
7 13 7 1
7 14 1 0
7 14 2 0
7 14 3 1
7 14 4 2
7 14 5 0
7 14 6 1
7 14 7 1
7 15 1 0
7 15 2 0
7 15 3 1
7 15 4 3
7 15 5 1
7 15 6 3
7 15 7 1
7 16 1 0
7 16 2 0
7 16 3 1
7 16 4 2
7 16 5 0
7 16 6 1
7 16 7 6
7 17 1 0
7 17 2 0
7 17 3 1
7 17 4 1
7 17 5 2
7 17 6 2
7 17 7 3
7 18 1 0
7 18 2 0
7 18 3 1
7 18 4 3
7 18 5 3
7 18 6 1
7 18 7 2
8 1 1 0
8 1 2 3
8 1 3 3
8 1 4 4
8 1 5 2
8 1 6 0
8 1 7 2
8 2 1 2
8 2 2 2
8 2 3 1
8 2 4 4
8 2 5 3
8 2 6 0
8 2 7 2
8 3 1 0
8 3 2 2
8 3 3 1
8 3 4 3
8 3 5 5
8 3 6 1
8 3 7 1
8 4 1 1
8 4 2 6
8 4 3 0
8 4 4 2
8 4 5 3
8 4 6 1
8 4 7 1
8 5 1 0
8 5 2 1
8 5 3 2
8 5 4 2
8 5 5 5
8 5 6 0
8 5 7 2
8 6 1 0
8 6 2 2
8 6 3 1
8 6 4 4
8 6 5 4
8 6 6 1
8 6 7 2
8 7 1 2
8 7 2 2
8 7 3 3
8 7 4 2
8 7 5 3
8 7 6 0
8 7 7 2
8 8 1 1
8 8 2 0
8 8 3 1
8 8 4 2
8 8 5 2
8 8 6 1
8 8 7 2
8 9 1 0
8 9 2 0
8 9 3 4
8 9 4 3
8 9 5 3
8 9 6 1
8 9 7 2
8 10 1 1
8 10 2 2
8 10 3 3
8 10 4 2
8 10 5 3
8 10 6 1
8 10 7 2
8 11 1 2
8 11 2 1
8 11 3 3
8 11 4 2
8 11 5 3
8 11 6 1
8 11 7 1
8 12 1 1
8 12 2 2
8 12 3 1
8 12 4 3
8 12 5 3
8 12 6 2
8 12 7 1
8 13 1 2
8 13 2 1
8 13 3 3
8 13 4 1
8 13 5 2
8 13 6 2
8 13 7 1
8 14 1 0
8 14 2 0
8 14 3 0
8 14 4 1
8 14 5 2
8 14 6 1
8 14 7 1
8 15 1 2
8 15 2 2
8 15 3 3
8 15 4 1
8 15 5 2
8 15 6 2
8 15 7 1
8 16 1 0
8 16 2 0
8 16 3 3
8 16 4 2
8 16 5 2
8 16 6 4
8 16 7 2
8 17 1 0
8 17 2 0
8 17 3 3
8 17 4 2
8 17 5 3
8 17 6 1
8 17 7 2
8 18 1 1
8 18 2 0
8 18 3 4
8 18 4 2
8 18 5 1
8 18 6 1
8 18 7 2
9 1 1 1
9 1 2 0
9 1 3 3
9 1 4 4
9 1 5 3
9 1 6 2
9 1 7 9
9 2 1 0
9 2 2 2
9 2 3 2
9 2 4 4
9 2 5 4
9 2 6 4
9 2 7 6
9 3 1 0
9 3 2 2
9 3 3 0
9 3 4 3
9 3 5 2
9 3 6 5
9 3 7 10
9 4 1 1
9 4 2 2
9 4 3 1
9 4 4 2
9 4 5 3
9 4 6 6
9 4 7 7
9 5 1 1
9 5 2 0
9 5 3 1
9 5 4 5
9 5 5 2
9 5 6 4
9 5 7 8
9 6 1 1
9 6 2 1
9 6 3 0
9 6 4 2
9 6 5 3
9 6 6 4
9 6 7 11
9 7 1 2
9 7 2 1
9 7 3 2
9 7 4 2
9 7 5 5
9 7 6 3
9 7 7 7
9 8 1 0
9 8 2 0
9 8 3 0
9 8 4 5
9 8 5 1
9 8 6 5
9 8 7 8
9 9 1 0
9 9 2 0
9 9 3 0
9 9 4 4
9 9 5 1
9 9 6 7
9 9 7 10
9 10 1 0
9 10 2 1
9 10 3 2
9 10 4 3
9 10 5 1
9 10 6 4
9 10 7 10
9 11 1 1
9 11 2 3
9 11 3 0
9 11 4 4
9 11 5 1
9 11 6 5
9 11 7 8
9 12 1 1
9 12 2 0
9 12 3 1
9 12 4 4
9 12 5 2
9 12 6 5
9 12 7 9
9 13 1 0
9 13 2 0
9 13 3 2
9 13 4 4
9 13 5 4
9 13 6 4
9 13 7 6
9 14 1 1
9 14 2 1
9 14 3 1
9 14 4 6
9 14 5 4
9 14 6 3
9 14 7 6
9 15 1 2
9 15 2 2
9 15 3 0
9 15 4 3
9 15 5 4
9 15 6 4
9 15 7 7
9 16 1 0
9 16 2 1
9 16 3 1
9 16 4 2
9 16 5 4
9 16 6 3
9 16 7 11
9 17 1 0
9 17 2 0
9 17 3 0
9 17 4 3
9 17 5 4
9 17 6 4
9 17 7 11
9 18 1 0
9 18 2 2
9 18 3 2
9 18 4 3
9 18 5 3
9 18 6 3
9 18 7 9
10 1 1 1
10 1 2 1
10 1 3 0
10 1 4 4
10 1 5 5
10 1 6 4
10 1 7 6
10 2 1 1
10 2 2 1
10 2 3 0
10 2 4 2
10 2 5 3
10 2 6 6
10 2 7 8
10 3 1 2
10 3 2 0
10 3 3 0
10 3 4 1
10 3 5 3
10 3 6 7
10 3 7 8
10 4 1 2
10 4 2 1
10 4 3 1
10 4 4 5
10 4 5 3
10 4 6 2
10 4 7 7
10 5 1 0
10 5 2 0
10 5 3 2
10 5 4 2
10 5 5 4
10 5 6 9
10 5 7 4
10 6 1 2
10 6 2 1
10 6 3 0
10 6 4 1
10 6 5 1
10 6 6 7
10 6 7 7
10 7 1 2
10 7 2 2
10 7 3 0
10 7 4 5
10 7 5 5
10 7 6 6
10 7 7 1
10 8 1 1
10 8 2 1
10 8 3 1
10 8 4 3
10 8 5 0
10 8 6 7
10 8 7 3
10 9 1 1
10 9 2 0
10 9 3 1
10 9 4 2
10 9 5 1
10 9 6 11
10 9 7 5
10 10 1 2
10 10 2 0
10 10 3 0
10 10 4 3
10 10 5 3
10 10 6 8
10 10 7 5
10 11 1 1
10 11 2 2
10 11 3 2
10 11 4 1
10 11 5 6
10 11 6 7
10 11 7 2
10 12 1 2
10 12 2 0
10 12 3 2
10 12 4 3
10 12 5 2
10 12 6 4
10 12 7 7
10 13 1 3
10 13 2 1
10 13 3 3
10 13 4 2
10 13 5 4
10 13 6 7
10 13 7 1
10 14 1 1
10 14 2 0
10 14 3 0
10 14 4 1
10 14 5 1
10 14 6 0
10 14 7 2
10 15 1 1
10 15 2 2
10 15 3 3
10 15 4 4
10 15 5 4
10 15 6 4
10 15 7 2
10 16 1 1
10 16 2 0
10 16 3 0
10 16 4 1
10 16 5 2
10 16 6 6
10 16 7 11
10 17 1 1
10 17 2 0
10 17 3 3
10 17 4 2
10 17 5 0
10 17 6 3
10 17 7 9
10 18 1 3
10 18 2 1
10 18 3 1
10 18 4 6
10 18 5 0
10 18 6 6
10 18 7 3
11 1 1 0
11 1 2 0
11 1 3 0
11 1 4 4
11 1 5 5
11 1 6 16
11 1 7 35
11 2 1 0
11 2 2 0
11 2 3 0
11 2 4 4
11 2 5 6
11 2 6 13
11 2 7 37
11 3 1 0
11 3 2 0
11 3 3 1
11 3 4 6
11 3 5 9
11 3 6 17
11 3 7 26
11 4 1 0
11 4 2 0
11 4 3 1
11 4 4 4
11 4 5 7
11 4 6 15
11 4 7 32
11 5 1 0
11 5 2 0
11 5 3 0
11 5 4 4
11 5 5 7
11 5 6 18
11 5 7 31
11 6 1 0
11 6 2 0
11 6 3 0
11 6 4 2
11 6 5 8
11 6 6 15
11 6 7 34
11 7 1 0
11 7 2 0
11 7 3 1
11 7 4 4
11 7 5 9
11 7 6 17
11 7 7 28
11 8 1 0
11 8 2 0
11 8 3 0
11 8 4 4
11 8 5 7
11 8 6 14
11 8 7 22
11 9 1 0
11 9 2 0
11 9 3 1
11 9 4 4
11 9 5 5
11 9 6 17
11 9 7 32
11 10 1 0
11 10 2 0
11 10 3 0
11 10 4 4
11 10 5 4
11 10 6 14
11 10 7 37
11 11 1 0
11 11 2 0
11 11 3 2
11 11 4 2
11 11 5 8
11 11 6 17
11 11 7 31
11 12 1 0
11 12 2 0
11 12 3 3
11 12 4 8
11 12 5 7
11 12 6 11
11 12 7 23
11 13 1 1
11 13 2 0
11 13 3 2
11 13 4 14
11 13 5 12
11 13 6 14
11 13 7 16
11 14 1 0
11 14 2 0
11 14 3 2
11 14 4 9
11 14 5 8
11 14 6 12
11 14 7 27
11 15 1 0
11 15 2 1
11 15 3 3
11 15 4 8
11 15 5 18
11 15 6 13
11 15 7 17
11 16 1 0
11 16 2 0
11 16 3 0
11 16 4 2
11 16 5 5
11 16 6 6
11 16 7 47
11 17 1 0
11 17 2 0
11 17 3 0
11 17 4 5
11 17 5 4
11 17 6 7
11 17 7 29
11 18 1 0
11 18 2 0
11 18 3 0
11 18 4 7
11 18 5 7
11 18 6 13
11 18 7 32
12 1 1 9
12 1 2 9
12 1 3 24
12 1 4 45
12 1 5 29
12 1 6 23
12 1 7 34
12 2 1 3
12 2 2 3
12 2 3 12
12 2 4 41
12 2 5 38
12 2 6 32
12 2 7 45
12 3 1 3
12 3 2 5
12 3 3 14
12 3 4 34
12 3 5 39
12 3 6 36
12 3 7 42
12 4 1 5
12 4 2 4
12 4 3 16
12 4 4 39
12 4 5 39
12 4 6 27
12 4 7 42
12 5 1 2
12 5 2 3
12 5 3 10
12 5 4 43
12 5 5 34
12 5 6 37
12 5 7 44
12 6 1 3
12 6 2 3
12 6 3 12
12 6 4 34
12 6 5 37
12 6 6 35
12 6 7 47
12 7 1 8
12 7 2 3
12 7 3 13
12 7 4 47
12 7 5 34
12 7 6 29
12 7 7 38
12 8 1 2
12 8 2 1
12 8 3 11
12 8 4 34
12 8 5 26
12 8 6 29
12 8 7 42
12 9 1 1
12 9 2 1
12 9 3 6
12 9 4 42
12 9 5 26
12 9 6 40
12 9 7 54
12 10 1 4
12 10 2 2
12 10 3 14
12 10 4 41
12 10 5 34
12 10 6 36
12 10 7 42
12 11 1 5
12 11 2 1
12 11 3 7
12 11 4 53
12 11 5 39
12 11 6 25
12 11 7 42
12 12 1 2
12 12 2 1
12 12 3 6
12 12 4 39
12 12 5 20
12 12 6 32
12 12 7 67
12 13 1 9
12 13 2 3
12 13 3 8
12 13 4 45
12 13 5 27
12 13 6 29
12 13 7 31
12 14 1 4
12 14 2 1
12 14 3 5
12 14 4 31
12 14 5 25
12 14 6 31
12 14 7 72
12 15 1 6
12 15 2 5
12 15 3 15
12 15 4 52
12 15 5 26
12 15 6 28
12 15 7 34
12 16 1 4
12 16 2 1
12 16 3 7
12 16 4 39
12 16 5 30
12 16 6 40
12 16 7 50
12 17 1 3
12 17 2 1
12 17 3 8
12 17 4 31
12 17 5 25
12 17 6 36
12 17 7 49
12 18 1 5
12 18 2 1
12 18 3 8
12 18 4 48
12 18 5 30
12 18 6 32
12 18 7 40
13 1 1 12
13 1 2 7
13 1 3 23
13 1 4 63
13 1 5 26
13 1 6 19
13 1 7 45
13 2 1 5
13 2 2 2
13 2 3 16
13 2 4 53
13 2 5 35
13 2 6 30
13 2 7 53
13 3 1 9
13 3 2 1
13 3 3 14
13 3 4 55
13 3 5 31
13 3 6 34
13 3 7 52
13 4 1 8
13 4 2 5
13 4 3 18
13 4 4 53
13 4 5 37
13 4 6 28
13 4 7 47
13 5 1 4
13 5 2 1
13 5 3 12
13 5 4 54
13 5 5 33
13 5 6 35
13 5 7 52
13 6 1 8
13 6 2 7
13 6 3 16
13 6 4 48
13 6 5 25
13 6 6 29
13 6 7 59
13 7 1 5
13 7 2 6
13 7 3 18
13 7 4 64
13 7 5 28
13 7 6 27
13 7 7 43
13 8 1 4
13 8 2 4
13 8 3 12
13 8 4 39
13 8 5 24
13 8 6 30
13 8 7 54
13 9 1 3
13 9 2 1
13 9 3 8
13 9 4 41
13 9 5 26
13 9 6 31
13 9 7 79
13 10 1 4
13 10 2 4
13 10 3 16
13 10 4 50
13 10 5 41
13 10 6 31
13 10 7 47
13 11 1 5
13 11 2 3
13 11 3 21
13 11 4 51
13 11 5 36
13 11 6 31
13 11 7 46
13 12 1 4
13 12 2 4
13 12 3 11
13 12 4 31
13 12 5 20
13 12 6 21
13 12 7 89
13 13 1 10
13 13 2 13
13 13 3 17
13 13 4 50
13 13 5 18
13 13 6 22
13 13 7 39
13 14 1 4
13 14 2 3
13 14 3 10
13 14 4 32
13 14 5 21
13 14 6 25
13 14 7 93
13 15 1 6
13 15 2 10
13 15 3 21
13 15 4 59
13 15 5 30
13 15 6 21
13 15 7 37
13 16 1 3
13 16 2 1
13 16 3 12
13 16 4 47
13 16 5 31
13 16 6 34
13 16 7 62
13 17 1 3
13 17 2 1
13 17 3 13
13 17 4 40
13 17 5 29
13 17 6 29
13 17 7 59
13 18 1 3
13 18 2 6
13 18 3 15
13 18 4 50
13 18 5 35
13 18 6 23
13 18 7 49
14 1 1 11
14 1 2 11
14 1 3 12
14 1 4 39
14 1 5 22
14 1 6 14
14 1 7 25
14 2 1 3
14 2 2 4
14 2 3 8
14 2 4 38
14 2 5 21
14 2 6 25
14 2 7 37
14 3 1 5
14 3 2 2
14 3 3 12
14 3 4 30
14 3 5 21
14 3 6 32
14 3 7 31
14 4 1 6
14 4 2 6
14 4 3 10
14 4 4 32
14 4 5 18
14 4 6 29
14 4 7 33
14 5 1 2
14 5 2 4
14 5 3 10
14 5 4 27
14 5 5 27
14 5 6 27
14 5 7 37
14 6 1 3
14 6 2 6
14 6 3 15
14 6 4 29
14 6 5 18
14 6 6 28
14 6 7 36
14 7 1 8
14 7 2 7
14 7 3 14
14 7 4 32
14 7 5 19
14 7 6 21
14 7 7 31
14 8 1 1
14 8 2 2
14 8 3 9
14 8 4 29
14 8 5 17
14 8 6 20
14 8 7 33
14 9 1 0
14 9 2 0
14 9 3 6
14 9 4 30
14 9 5 18
14 9 6 29
14 9 7 50
14 10 1 2
14 10 2 5
14 10 3 14
14 10 4 31
14 10 5 24
14 10 6 26
14 10 7 32
14 11 1 2
14 11 2 8
14 11 3 11
14 11 4 31
14 11 5 24
14 11 6 25
14 11 7 32
14 12 1 2
14 12 2 0
14 12 3 6
14 12 4 27
14 12 5 14
14 12 6 20
14 12 7 63
14 13 1 6
14 13 2 7
14 13 3 10
14 13 4 29
14 13 5 19
14 13 6 18
14 13 7 26
14 14 1 0
14 14 2 1
14 14 3 6
14 14 4 31
14 14 5 13
14 14 6 22
14 14 7 59
14 15 1 7
14 15 2 8
14 15 3 15
14 15 4 30
14 15 5 17
14 15 6 25
14 15 7 28
14 16 1 1
14 16 2 1
14 16 3 11
14 16 4 25
14 16 5 23
14 16 6 30
14 16 7 43
14 17 1 0
14 17 2 2
14 17 3 6
14 17 4 25
14 17 5 18
14 17 6 23
14 17 7 37
14 18 1 3
14 18 2 3
14 18 3 10
14 18 4 32
14 18 5 22
14 18 6 21
14 18 7 32
15 1 1 6
15 1 2 10
15 1 3 7
15 1 4 45
15 1 5 19
15 1 6 26
15 1 7 32
15 2 1 3
15 2 2 3
15 2 3 7
15 2 4 34
15 2 5 25
15 2 6 30
15 2 7 40
15 3 1 2
15 3 2 3
15 3 3 5
15 3 4 34
15 3 5 24
15 3 6 34
15 3 7 43
15 4 1 7
15 4 2 4
15 4 3 6
15 4 4 34
15 4 5 24
15 4 6 35
15 4 7 35
15 5 1 2
15 5 2 2
15 5 3 4
15 5 4 34
15 5 5 22
15 5 6 36
15 5 7 42
15 6 1 4
15 6 2 5
15 6 3 7
15 6 4 29
15 6 5 25
15 6 6 33
15 6 7 42
15 7 1 7
15 7 2 4
15 7 3 10
15 7 4 36
15 7 5 24
15 7 6 28
15 7 7 36
15 8 1 3
15 8 2 3
15 8 3 5
15 8 4 28
15 8 5 17
15 8 6 26
15 8 7 38
15 9 1 2
15 9 2 2
15 9 3 3
15 9 4 31
15 9 5 18
15 9 6 35
15 9 7 50
15 10 1 5
15 10 2 1
15 10 3 10
15 10 4 29
15 10 5 29
15 10 6 36
15 10 7 35
15 11 1 5
15 11 2 2
15 11 3 11
15 11 4 35
15 11 5 26
15 11 6 32
15 11 7 33
15 12 1 2
15 12 2 0
15 12 3 6
15 12 4 26
15 12 5 17
15 12 6 26
15 12 7 66
15 13 1 6
15 13 2 4
15 13 3 6
15 13 4 33
15 13 5 18
15 13 6 21
15 13 7 35
15 14 1 1
15 14 2 0
15 14 3 3
15 14 4 30
15 14 5 18
15 14 6 28
15 14 7 62
15 15 1 4
15 15 2 5
15 15 3 8
15 15 4 45
15 15 5 19
15 15 6 22
15 15 7 31
15 16 1 2
15 16 2 2
15 16 3 8
15 16 4 33
15 16 5 21
15 16 6 32
15 16 7 46
15 17 1 2
15 17 2 0
15 17 3 3
15 17 4 30
15 17 5 17
15 17 6 27
15 17 7 41
15 18 1 3
15 18 2 3
15 18 3 7
15 18 4 34
15 18 5 19
15 18 6 26
15 18 7 38
16 1 1 0
16 1 2 0
16 1 3 0
16 1 4 2
16 1 5 5
16 1 6 8
16 1 7 11
16 2 1 0
16 2 2 1
16 2 3 1
16 2 4 4
16 2 5 4
16 2 6 4
16 2 7 12
16 3 1 1
16 3 2 1
16 3 3 0
16 3 4 6
16 3 5 4
16 3 6 5
16 3 7 9
16 4 1 0
16 4 2 1
16 4 3 0
16 4 4 4
16 4 5 4
16 4 6 6
16 4 7 11
16 5 1 0
16 5 2 0
16 5 3 1
16 5 4 5
16 5 5 5
16 5 6 4
16 5 7 11
16 6 1 0
16 6 2 0
16 6 3 0
16 6 4 2
16 6 5 4
16 6 6 4
16 6 7 16
16 7 1 0
16 7 2 1
16 7 3 0
16 7 4 4
16 7 5 4
16 7 6 9
16 7 7 8
16 8 1 0
16 8 2 0
16 8 3 0
16 8 4 5
16 8 5 2
16 8 6 8
16 8 7 7
16 9 1 0
16 9 2 0
16 9 3 2
16 9 4 3
16 9 5 4
16 9 6 4
16 9 7 13
16 10 1 0
16 10 2 0
16 10 3 1
16 10 4 3
16 10 5 4
16 10 6 5
16 10 7 13
16 11 1 0
16 11 2 0
16 11 3 2
16 11 4 4
16 11 5 5
16 11 6 4
16 11 7 11
16 12 1 0
16 12 2 0
16 12 3 0
16 12 4 1
16 12 5 2
16 12 6 2
16 12 7 6
16 13 1 0
16 13 2 0
16 13 3 2
16 13 4 4
16 13 5 7
16 13 6 6
16 13 7 7
16 14 1 0
16 14 2 0
16 14 3 0
16 14 4 0
16 14 5 0
16 14 6 1
16 14 7 4
16 15 1 1
16 15 2 1
16 15 3 1
16 15 4 4
16 15 5 3
16 15 6 8
16 15 7 6
16 16 1 0
16 16 2 0
16 16 3 0
16 16 4 2
16 16 5 4
16 16 6 3
16 16 7 16
16 17 1 0
16 17 2 0
16 17 3 0
16 17 4 4
16 17 5 4
16 17 6 6
16 17 7 10
16 18 1 1
16 18 2 0
16 18 3 1
16 18 4 2
16 18 5 5
16 18 6 5
16 18 7 11
17 1 1 0
17 1 2 0
17 1 3 0
17 1 4 1
17 1 5 1
17 1 6 7
17 1 7 15
17 2 1 0
17 2 2 0
17 2 3 0
17 2 4 0
17 2 5 1
17 2 6 8
17 2 7 14
17 3 1 0
17 3 2 0
17 3 3 0
17 3 4 3
17 3 5 1
17 3 6 4
17 3 7 16
17 4 1 0
17 4 2 0
17 4 3 0
17 4 4 0
17 4 5 4
17 4 6 5
17 4 7 15
17 5 1 0
17 5 2 0
17 5 3 0
17 5 4 0
17 5 5 2
17 5 6 7
17 5 7 14
17 6 1 0
17 6 2 0
17 6 3 0
17 6 4 0
17 6 5 1
17 6 6 5
17 6 7 18
17 7 1 0
17 7 2 0
17 7 3 0
17 7 4 0
17 7 5 1
17 7 6 10
17 7 7 13
17 8 1 0
17 8 2 0
17 8 3 0
17 8 4 1
17 8 5 3
17 8 6 7
17 8 7 10
17 9 1 0
17 9 2 0
17 9 3 0
17 9 4 1
17 9 5 3
17 9 6 4
17 9 7 16
17 10 1 0
17 10 2 0
17 10 3 0
17 10 4 0
17 10 5 3
17 10 6 5
17 10 7 16
17 11 1 0
17 11 2 0
17 11 3 0
17 11 4 1
17 11 5 4
17 11 6 7
17 11 7 12
17 12 1 0
17 12 2 0
17 12 3 0
17 12 4 2
17 12 5 2
17 12 6 5
17 12 7 4
17 13 1 0
17 13 2 0
17 13 3 0
17 13 4 1
17 13 5 6
17 13 6 6
17 13 7 11
17 14 1 0
17 14 2 0
17 14 3 0
17 14 4 0
17 14 5 1
17 14 6 4
17 14 7 5
17 15 1 0
17 15 2 0
17 15 3 0
17 15 4 4
17 15 5 3
17 15 6 5
17 15 7 9
17 16 1 0
17 16 2 0
17 16 3 0
17 16 4 0
17 16 5 2
17 16 6 2
17 16 7 20
17 17 1 0
17 17 2 0
17 17 3 0
17 17 4 1
17 17 5 2
17 17 6 5
17 17 7 15
17 18 1 0
17 18 2 0
17 18 3 0
17 18 4 1
17 18 5 4
17 18 6 3
17 18 7 16
18 1 1 2
18 1 2 1
18 1 3 3
18 1 4 8
18 1 5 10
18 1 6 14
18 1 7 29
18 2 1 1
18 2 2 0
18 2 3 9
18 2 4 13
18 2 5 11
18 2 6 10
18 2 7 20
18 3 1 2
18 3 2 0
18 3 3 2
18 3 4 5
18 3 5 10
18 3 6 13
18 3 7 34
18 4 1 2
18 4 2 1
18 4 3 3
18 4 4 5
18 4 5 8
18 4 6 16
18 4 7 32
18 5 1 1
18 5 2 1
18 5 3 3
18 5 4 7
18 5 5 11
18 5 6 15
18 5 7 25
18 6 1 1
18 6 2 1
18 6 3 1
18 6 4 5
18 6 5 9
18 6 6 16
18 6 7 34
18 7 1 2
18 7 2 2
18 7 3 4
18 7 4 8
18 7 5 11
18 7 6 11
18 7 7 29
18 8 1 1
18 8 2 1
18 8 3 1
18 8 4 8
18 8 5 3
18 8 6 14
18 8 7 23
18 9 1 0
18 9 2 0
18 9 3 1
18 9 4 11
18 9 5 7
18 9 6 15
18 9 7 30
18 10 1 2
18 10 2 0
18 10 3 3
18 10 4 11
18 10 5 5
18 10 6 17
18 10 7 29
18 11 1 2
18 11 2 0
18 11 3 4
18 11 4 12
18 11 5 7
18 11 6 14
18 11 7 27
18 12 1 1
18 12 2 1
18 12 3 1
18 12 4 12
18 12 5 6
18 12 6 21
18 12 7 25
18 13 1 4
18 13 2 1
18 13 3 7
18 13 4 8
18 13 5 10
18 13 6 18
18 13 7 17
18 14 1 0
18 14 2 1
18 14 3 1
18 14 4 6
18 14 5 8
18 14 6 15
18 14 7 36
18 15 1 1
18 15 2 2
18 15 3 4
18 15 4 9
18 15 5 10
18 15 6 11
18 15 7 28
18 16 1 1
18 16 2 0
18 16 3 1
18 16 4 7
18 16 5 6
18 16 6 13
18 16 7 38
18 17 1 0
18 17 2 0
18 17 3 2
18 17 4 6
18 17 5 6
18 17 6 10
18 17 7 28
18 18 1 1
18 18 2 2
18 18 3 1
18 18 4 11
18 18 5 8
18 18 6 12
18 18 7 29
19 1 1 0
19 1 2 0
19 1 3 0
19 1 4 1
19 1 5 1
19 1 6 3
19 1 7 11
19 2 1 0
19 2 2 0
19 2 3 0
19 2 4 1
19 2 5 2
19 2 6 3
19 2 7 10
19 3 1 0
19 3 2 0
19 3 3 0
19 3 4 3
19 3 5 1
19 3 6 2
19 3 7 10
19 4 1 0
19 4 2 0
19 4 3 0
19 4 4 1
19 4 5 1
19 4 6 2
19 4 7 12
19 5 1 0
19 5 2 0
19 5 3 0
19 5 4 1
19 5 5 2
19 5 6 1
19 5 7 12
19 6 1 0
19 6 2 0
19 6 3 0
19 6 4 1
19 6 5 1
19 6 6 1
19 6 7 13
19 7 1 0
19 7 2 0
19 7 3 0
19 7 4 1
19 7 5 2
19 7 6 3
19 7 7 10
19 8 1 0
19 8 2 0
19 8 3 0
19 8 4 0
19 8 5 0
19 8 6 4
19 8 7 9
19 9 1 0
19 9 2 0
19 9 3 0
19 9 4 1
19 9 5 0
19 9 6 1
19 9 7 11
19 10 1 0
19 10 2 0
19 10 3 0
19 10 4 1
19 10 5 1
19 10 6 2
19 10 7 12
19 11 1 0
19 11 2 0
19 11 3 0
19 11 4 3
19 11 5 1
19 11 6 1
19 11 7 11
19 12 1 0
19 12 2 0
19 12 3 0
19 12 4 0
19 12 5 0
19 12 6 2
19 12 7 7
19 13 1 0
19 13 2 0
19 13 3 1
19 13 4 2
19 13 5 1
19 13 6 6
19 13 7 6
19 14 1 0
19 14 2 1
19 14 3 0
19 14 4 1
19 14 5 0
19 14 6 3
19 14 7 9
19 15 1 0
19 15 2 0
19 15 3 0
19 15 4 1
19 15 5 1
19 15 6 4
19 15 7 10
19 16 1 0
19 16 2 0
19 16 3 0
19 16 4 0
19 16 5 1
19 16 6 2
19 16 7 13
19 17 1 0
19 17 2 1
19 17 3 0
19 17 4 0
19 17 5 1
19 17 6 2
19 17 7 12
19 18 1 0
19 18 2 0
19 18 3 0
19 18 4 2
19 18 5 2
19 18 6 2
19 18 7 8
20 1 1 0
20 1 2 0
20 1 3 0
20 1 4 0
20 1 5 0
20 1 6 4
20 1 7 11
20 2 1 0
20 2 2 0
20 2 3 0
20 2 4 0
20 2 5 1
20 2 6 7
20 2 7 7
20 3 1 0
20 3 2 0
20 3 3 0
20 3 4 2
20 3 5 1
20 3 6 1
20 3 7 11
20 4 1 0
20 4 2 0
20 4 3 0
20 4 4 0
20 4 5 1
20 4 6 2
20 4 7 12
20 5 1 0
20 5 2 0
20 5 3 0
20 5 4 0
20 5 5 0
20 5 6 5
20 5 7 9
20 6 1 0
20 6 2 0
20 6 3 0
20 6 4 0
20 6 5 1
20 6 6 2
20 6 7 11
20 7 1 0
20 7 2 0
20 7 3 0
20 7 4 0
20 7 5 0
20 7 6 3
20 7 7 12
20 8 1 0
20 8 2 0
20 8 3 0
20 8 4 0
20 8 5 0
20 8 6 3
20 8 7 8
20 9 1 0
20 9 2 0
20 9 3 0
20 9 4 0
20 9 5 1
20 9 6 3
20 9 7 11
20 10 1 0
20 10 2 0
20 10 3 0
20 10 4 0
20 10 5 0
20 10 6 4
20 10 7 11
20 11 1 0
20 11 2 0
20 11 3 0
20 11 4 0
20 11 5 2
20 11 6 5
20 11 7 8
20 12 1 0
20 12 2 0
20 12 3 0
20 12 4 0
20 12 5 0
20 12 6 2
20 12 7 5
20 13 1 0
20 13 2 0
20 13 3 0
20 13 4 3
20 13 5 2
20 13 6 4
20 13 7 6
20 14 1 0
20 14 2 0
20 14 3 0
20 14 4 1
20 14 5 1
20 14 6 3
20 14 7 9
20 15 1 0
20 15 2 0
20 15 3 0
20 15 4 1
20 15 5 0
20 15 6 3
20 15 7 10
20 16 1 0
20 16 2 0
20 16 3 0
20 16 4 0
20 16 5 0
20 16 6 1
20 16 7 13
20 17 1 0
20 17 2 0
20 17 3 0
20 17 4 1
20 17 5 1
20 17 6 2
20 17 7 11
20 18 1 0
20 18 2 0
20 18 3 0
20 18 4 1
20 18 5 0
20 18 6 4
20 18 7 10
21 1 1 0
21 1 2 0
21 1 3 0
21 1 4 2
21 1 5 2
21 1 6 9
21 1 7 24
21 2 1 0
21 2 2 0
21 2 3 0
21 2 4 2
21 2 5 7
21 2 6 9
21 2 7 19
21 3 1 1
21 3 2 1
21 3 3 1
21 3 4 2
21 3 5 6
21 3 6 5
21 3 7 21
21 4 1 0
21 4 2 0
21 4 3 1
21 4 4 2
21 4 5 5
21 4 6 7
21 4 7 22
21 5 1 0
21 5 2 0
21 5 3 0
21 5 4 2
21 5 5 5
21 5 6 12
21 5 7 18
21 6 1 0
21 6 2 0
21 6 3 0
21 6 4 1
21 6 5 2
21 6 6 4
21 6 7 30
21 7 1 0
21 7 2 1
21 7 3 0
21 7 4 0
21 7 5 6
21 7 6 5
21 7 7 25
21 8 1 0
21 8 2 0
21 8 3 0
21 8 4 3
21 8 5 4
21 8 6 8
21 8 7 17
21 9 1 0
21 9 2 0
21 9 3 0
21 9 4 1
21 9 5 3
21 9 6 7
21 9 7 26
21 10 1 0
21 10 2 0
21 10 3 1
21 10 4 1
21 10 5 4
21 10 6 7
21 10 7 23
21 11 1 0
21 11 2 1
21 11 3 0
21 11 4 6
21 11 5 2
21 11 6 8
21 11 7 20
21 12 1 0
21 12 2 0
21 12 3 0
21 12 4 0
21 12 5 1
21 12 6 1
21 12 7 10
21 13 1 0
21 13 2 0
21 13 3 1
21 13 4 4
21 13 5 3
21 13 6 8
21 13 7 20
21 14 1 0
21 14 2 0
21 14 3 0
21 14 4 2
21 14 5 3
21 14 6 6
21 14 7 20
21 15 1 0
21 15 2 0
21 15 3 1
21 15 4 3
21 15 5 7
21 15 6 3
21 15 7 22
21 16 1 0
21 16 2 0
21 16 3 0
21 16 4 0
21 16 5 4
21 16 6 3
21 16 7 30
21 17 1 0
21 17 2 0
21 17 3 0
21 17 4 1
21 17 5 1
21 17 6 5
21 17 7 28
21 18 1 1
21 18 2 0
21 18 3 2
21 18 4 1
21 18 5 5
21 18 6 8
21 18 7 20
22 1 1 0
22 1 2 0
22 1 3 0
22 1 4 2
22 1 5 1
22 1 6 4
22 1 7 5
22 2 1 0
22 2 2 0
22 2 3 0
22 2 4 1
22 2 5 1
22 2 6 5
22 2 7 5
22 3 1 0
22 3 2 0
22 3 3 0
22 3 4 0
22 3 5 2
22 3 6 5
22 3 7 5
22 4 1 0
22 4 2 0
22 4 3 0
22 4 4 1
22 4 5 1
22 4 6 6
22 4 7 4
22 5 1 0
22 5 2 0
22 5 3 0
22 5 4 1
22 5 5 3
22 5 6 4
22 5 7 4
22 6 1 0
22 6 2 0
22 6 3 0
22 6 4 1
22 6 5 0
22 6 6 6
22 6 7 4
22 7 1 0
22 7 2 0
22 7 3 0
22 7 4 1
22 7 5 3
22 7 6 3
22 7 7 5
22 8 1 0
22 8 2 0
22 8 3 0
22 8 4 1
22 8 5 2
22 8 6 3
22 8 7 5
22 9 1 0
22 9 2 0
22 9 3 0
22 9 4 1
22 9 5 1
22 9 6 5
22 9 7 5
22 10 1 0
22 10 2 0
22 10 3 0
22 10 4 1
22 10 5 0
22 10 6 5
22 10 7 6
22 11 1 0
22 11 2 0
22 11 3 0
22 11 4 1
22 11 5 1
22 11 6 4
22 11 7 5
22 12 1 0
22 12 2 0
22 12 3 0
22 12 4 1
22 12 5 0
22 12 6 3
22 12 7 3
22 13 1 0
22 13 2 0
22 13 3 0
22 13 4 2
22 13 5 1
22 13 6 4
22 13 7 5
22 14 1 0
22 14 2 0
22 14 3 0
22 14 4 0
22 14 5 1
22 14 6 2
22 14 7 3
22 15 1 0
22 15 2 0
22 15 3 0
22 15 4 2
22 15 5 1
22 15 6 4
22 15 7 5
22 16 1 0
22 16 2 0
22 16 3 0
22 16 4 1
22 16 5 0
22 16 6 5
22 16 7 6
22 17 1 0
22 17 2 0
22 17 3 0
22 17 4 1
22 17 5 3
22 17 6 3
22 17 7 4
22 18 1 0
22 18 2 0
22 18 3 0
22 18 4 1
22 18 5 1
22 18 6 3
22 18 7 6
23 1 1 0
23 1 2 0
23 1 3 0
23 1 4 0
23 1 5 4
23 1 6 9
23 1 7 9
23 2 1 0
23 2 2 0
23 2 3 0
23 2 4 0
23 2 5 5
23 2 6 11
23 2 7 6
23 3 1 0
23 3 2 0
23 3 3 0
23 3 4 0
23 3 5 4
23 3 6 5
23 3 7 13
23 4 1 0
23 4 2 0
23 4 3 0
23 4 4 2
23 4 5 3
23 4 6 7
23 4 7 10
23 5 1 0
23 5 2 0
23 5 3 0
23 5 4 1
23 5 5 2
23 5 6 11
23 5 7 8
23 6 1 0
23 6 2 0
23 6 3 0
23 6 4 2
23 6 5 0
23 6 6 10
23 6 7 10
23 7 1 0
23 7 2 0
23 7 3 0
23 7 4 1
23 7 5 3
23 7 6 9
23 7 7 9
23 8 1 0
23 8 2 0
23 8 3 0
23 8 4 3
23 8 5 4
23 8 6 6
23 8 7 8
23 9 1 0
23 9 2 0
23 9 3 0
23 9 4 1
23 9 5 3
23 9 6 6
23 9 7 11
23 10 1 0
23 10 2 0
23 10 3 0
23 10 4 0
23 10 5 4
23 10 6 8
23 10 7 10
23 11 1 0
23 11 2 0
23 11 3 0
23 11 4 1
23 11 5 4
23 11 6 8
23 11 7 8
23 12 1 0
23 12 2 0
23 12 3 0
23 12 4 1
23 12 5 3
23 12 6 5
23 12 7 5
23 13 1 0
23 13 2 0
23 13 3 2
23 13 4 2
23 13 5 3
23 13 6 8
23 13 7 7
23 14 1 0
23 14 2 0
23 14 3 0
23 14 4 0
23 14 5 1
23 14 6 3
23 14 7 3
23 15 1 0
23 15 2 1
23 15 3 0
23 15 4 6
23 15 5 2
23 15 6 5
23 15 7 7
23 16 1 0
23 16 2 0
23 16 3 0
23 16 4 0
23 16 5 4
23 16 6 6
23 16 7 11
23 17 1 0
23 17 2 0
23 17 3 1
23 17 4 2
23 17 5 1
23 17 6 8
23 17 7 10
23 18 1 0
23 18 2 0
23 18 3 0
23 18 4 2
23 18 5 3
23 18 6 6
23 18 7 11
24 1 1 0
24 1 2 1
24 1 3 1
24 1 4 4
24 1 5 1
24 1 6 7
24 1 7 12
24 2 1 0
24 2 2 2
24 2 3 0
24 2 4 3
24 2 5 0
24 2 6 6
24 2 7 15
24 3 1 0
24 3 2 1
24 3 3 1
24 3 4 2
24 3 5 1
24 3 6 5
24 3 7 16
24 4 1 1
24 4 2 1
24 4 3 1
24 4 4 1
24 4 5 6
24 4 6 5
24 4 7 11
24 5 1 1
24 5 2 1
24 5 3 0
24 5 4 1
24 5 5 4
24 5 6 5
24 5 7 14
24 6 1 0
24 6 2 2
24 6 3 0
24 6 4 2
24 6 5 3
24 6 6 4
24 6 7 15
24 7 1 0
24 7 2 3
24 7 3 1
24 7 4 0
24 7 5 0
24 7 6 8
24 7 7 14
24 8 1 1
24 8 2 0
24 8 3 0
24 8 4 3
24 8 5 2
24 8 6 1
24 8 7 11
24 9 1 0
24 9 2 0
24 9 3 0
24 9 4 2
24 9 5 3
24 9 6 4
24 9 7 17
24 10 1 0
24 10 2 1
24 10 3 1
24 10 4 2
24 10 5 2
24 10 6 8
24 10 7 12
24 11 1 2
24 11 2 0
24 11 3 0
24 11 4 3
24 11 5 4
24 11 6 9
24 11 7 8
24 12 1 1
24 12 2 0
24 12 3 0
24 12 4 2
24 12 5 0
24 12 6 1
24 12 7 5
24 13 1 1
24 13 2 1
24 13 3 1
24 13 4 8
24 13 5 0
24 13 6 5
24 13 7 10
24 14 1 0
24 14 2 1
24 14 3 4
24 14 4 4
24 14 5 1
24 14 6 5
24 14 7 10
24 15 1 1
24 15 2 1
24 15 3 2
24 15 4 3
24 15 5 3
24 15 6 4
24 15 7 10
24 16 1 0
24 16 2 1
24 16 3 1
24 16 4 0
24 16 5 2
24 16 6 6
24 16 7 14
24 17 1 0
24 17 2 1
24 17 3 0
24 17 4 2
24 17 5 2
24 17 6 5
24 17 7 14
24 18 1 0
24 18 2 1
24 18 3 0
24 18 4 1
24 18 5 2
24 18 6 6
24 18 7 16
25 1 1 1
25 1 2 2
25 1 3 3
25 1 4 13
25 1 5 10
25 1 6 14
25 1 7 15
25 2 1 1
25 2 2 2
25 2 3 4
25 2 4 10
25 2 5 11
25 2 6 14
25 2 7 17
25 3 1 0
25 3 2 0
25 3 3 2
25 3 4 9
25 3 5 8
25 3 6 12
25 3 7 28
25 4 1 1
25 4 2 0
25 4 3 4
25 4 4 10
25 4 5 11
25 4 6 11
25 4 7 22
25 5 1 1
25 5 2 0
25 5 3 3
25 5 4 13
25 5 5 9
25 5 6 17
25 5 7 16
25 6 1 0
25 6 2 0
25 6 3 4
25 6 4 6
25 6 5 11
25 6 6 14
25 6 7 24
25 7 1 0
25 7 2 2
25 7 3 2
25 7 4 10
25 7 5 14
25 7 6 13
25 7 7 18
25 8 1 0
25 8 2 0
25 8 3 1
25 8 4 9
25 8 5 7
25 8 6 18
25 8 7 15
25 9 1 4
25 9 2 5
25 9 3 5
25 9 4 13
25 9 5 9
25 9 6 14
25 9 7 9
25 10 1 0
25 10 2 2
25 10 3 6
25 10 4 11
25 10 5 11
25 10 6 15
25 10 7 12
25 11 1 0
25 11 2 3
25 11 3 4
25 11 4 11
25 11 5 10
25 11 6 13
25 11 7 18
25 12 1 2
25 12 2 3
25 12 3 2
25 12 4 18
25 12 5 8
25 12 6 12
25 12 7 14
25 13 1 3
25 13 2 1
25 13 3 1
25 13 4 13
25 13 5 14
25 13 6 18
25 13 7 8
25 14 1 0
25 14 2 2
25 14 3 1
25 14 4 7
25 14 5 12
25 14 6 11
25 14 7 26
25 15 1 0
25 15 2 2
25 15 3 4
25 15 4 15
25 15 5 9
25 15 6 16
25 15 7 11
25 16 1 0
25 16 2 1
25 16 3 3
25 16 4 8
25 16 5 13
25 16 6 11
25 16 7 22
25 17 1 0
25 17 2 0
25 17 3 2
25 17 4 6
25 17 5 7
25 17 6 16
25 17 7 18
25 18 1 0
25 18 2 3
25 18 3 3
25 18 4 8
25 18 5 11
25 18 6 14
25 18 7 20
26 1 1 0
26 1 2 1
26 1 3 0
26 1 4 0
26 1 5 2
26 1 6 4
26 1 7 15
26 2 1 0
26 2 2 0
26 2 3 0
26 2 4 2
26 2 5 1
26 2 6 3
26 2 7 15
26 3 1 0
26 3 2 0
26 3 3 0
26 3 4 0
26 3 5 1
26 3 6 4
26 3 7 17
26 4 1 0
26 4 2 0
26 4 3 0
26 4 4 2
26 4 5 1
26 4 6 3
26 4 7 16
26 5 1 0
26 5 2 0
26 5 3 1
26 5 4 1
26 5 5 3
26 5 6 3
26 5 7 14
26 6 1 0
26 6 2 0
26 6 3 0
26 6 4 0
26 6 5 1
26 6 6 5
26 6 7 16
26 7 1 0
26 7 2 0
26 7 3 0
26 7 4 2
26 7 5 1
26 7 6 4
26 7 7 15
26 8 1 0
26 8 2 0
26 8 3 0
26 8 4 0
26 8 5 1
26 8 6 2
26 8 7 19
26 9 1 0
26 9 2 0
26 9 3 0
26 9 4 1
26 9 5 0
26 9 6 4
26 9 7 17
26 10 1 0
26 10 2 0
26 10 3 1
26 10 4 0
26 10 5 1
26 10 6 3
26 10 7 17
26 11 1 0
26 11 2 0
26 11 3 1
26 11 4 1
26 11 5 0
26 11 6 3
26 11 7 16
26 12 1 0
26 12 2 0
26 12 3 0
26 12 4 0
26 12 5 1
26 12 6 0
26 12 7 10
26 13 1 0
26 13 2 2
26 13 3 1
26 13 4 0
26 13 5 3
26 13 6 7
26 13 7 9
26 14 1 0
26 14 2 0
26 14 3 2
26 14 4 4
26 14 5 2
26 14 6 0
26 14 7 6
26 15 1 0
26 15 2 1
26 15 3 0
26 15 4 2
26 15 5 5
26 15 6 5
26 15 7 9
26 16 1 0
26 16 2 0
26 16 3 0
26 16 4 0
26 16 5 0
26 16 6 4
26 16 7 18
26 17 1 0
26 17 2 0
26 17 3 0
26 17 4 0
26 17 5 1
26 17 6 1
26 17 7 20
26 18 1 0
26 18 2 0
26 18 3 0
26 18 4 2
26 18 5 1
26 18 6 3
26 18 7 16
27 1 1 0
27 1 2 0
27 1 3 0
27 1 4 0
27 1 5 1
27 1 6 6
27 1 7 24
27 2 1 0
27 2 2 0
27 2 3 0
27 2 4 1
27 2 5 1
27 2 6 9
27 2 7 20
27 3 1 0
27 3 2 0
27 3 3 0
27 3 4 1
27 3 5 5
27 3 6 2
27 3 7 23
27 4 1 0
27 4 2 0
27 4 3 0
27 4 4 0
27 4 5 3
27 4 6 5
27 4 7 23
27 5 1 0
27 5 2 0
27 5 3 0
27 5 4 0
27 5 5 3
27 5 6 6
27 5 7 20
27 6 1 0
27 6 2 0
27 6 3 0
27 6 4 0
27 6 5 0
27 6 6 8
27 6 7 23
27 7 1 0
27 7 2 0
27 7 3 0
27 7 4 2
27 7 5 3
27 7 6 7
27 7 7 19
27 8 1 0
27 8 2 0
27 8 3 0
27 8 4 0
27 8 5 0
27 8 6 5
27 8 7 25
27 9 1 0
27 9 2 0
27 9 3 0
27 9 4 0
27 9 5 1
27 9 6 2
27 9 7 28
27 10 1 0
27 10 2 0
27 10 3 0
27 10 4 0
27 10 5 1
27 10 6 3
27 10 7 27
27 11 1 0
27 11 2 0
27 11 3 0
27 11 4 3
27 11 5 1
27 11 6 6
27 11 7 20
27 12 1 0
27 12 2 0
27 12 3 0
27 12 4 1
27 12 5 1
27 12 6 1
27 12 7 10
27 13 1 0
27 13 2 0
27 13 3 0
27 13 4 8
27 13 5 5
27 13 6 6
27 13 7 12
27 14 1 0
27 14 2 0
27 14 3 0
27 14 4 1
27 14 5 0
27 14 6 2
27 14 7 7
27 15 1 0
27 15 2 0
27 15 3 1
27 15 4 3
27 15 5 4
27 15 6 5
27 15 7 12
27 16 1 0
27 16 2 0
27 16 3 0
27 16 4 0
27 16 5 0
27 16 6 4
27 16 7 26
27 17 1 0
27 17 2 0
27 17 3 0
27 17 4 0
27 17 5 0
27 17 6 2
27 17 7 26
27 18 1 0
27 18 2 0
27 18 3 0
27 18 4 0
27 18 5 3
27 18 6 6
27 18 7 22
28 1 1 2
28 1 2 1
28 1 3 2
28 1 4 8
28 1 5 5
28 1 6 8
28 1 7 16
28 2 1 2
28 2 2 0
28 2 3 2
28 2 4 8
28 2 5 4
28 2 6 13
28 2 7 15
28 3 1 2
28 3 2 0
28 3 3 2
28 3 4 6
28 3 5 5
28 3 6 12
28 3 7 14
28 4 1 3
28 4 2 0
28 4 3 3
28 4 4 8
28 4 5 5
28 4 6 11
28 4 7 12
28 5 1 2
28 5 2 1
28 5 3 2
28 5 4 6
28 5 5 8
28 5 6 12
28 5 7 10
28 6 1 2
28 6 2 2
28 6 3 1
28 6 4 5
28 6 5 5
28 6 6 10
28 6 7 12
28 7 1 3
28 7 2 1
28 7 3 1
28 7 4 6
28 7 5 7
28 7 6 9
28 7 7 10
28 8 1 2
28 8 2 1
28 8 3 4
28 8 4 5
28 8 5 7
28 8 6 7
28 8 7 7
28 9 1 3
28 9 2 2
28 9 3 5
28 9 4 10
28 9 5 3
28 9 6 10
28 9 7 9
28 10 1 2
28 10 2 1
28 10 3 2
28 10 4 8
28 10 5 6
28 10 6 14
28 10 7 10
28 11 1 3
28 11 2 1
28 11 3 1
28 11 4 9
28 11 5 9
28 11 6 11
28 11 7 8
28 12 1 3
28 12 2 2
28 12 3 1
28 12 4 4
28 12 5 4
28 12 6 6
28 12 7 6
28 13 1 4
28 13 2 1
28 13 3 2
28 13 4 13
28 13 5 4
28 13 6 7
28 13 7 9
28 14 1 2
28 14 2 1
28 14 3 3
28 14 4 11
28 14 5 7
28 14 6 8
28 14 7 9
28 15 1 3
28 15 2 1
28 15 3 2
28 15 4 7
28 15 5 10
28 15 6 11
28 15 7 9
28 16 1 2
28 16 2 1
28 16 3 3
28 16 4 5
28 16 5 6
28 16 6 12
28 16 7 11
28 17 1 2
28 17 2 1
28 17 3 4
28 17 4 3
28 17 5 3
28 17 6 9
28 17 7 11
28 18 1 2
28 18 2 1
28 18 3 4
28 18 4 6
28 18 5 5
28 18 6 10
28 18 7 13
29 1 1 1
29 1 2 1
29 1 3 0
29 1 4 1
29 1 5 4
29 1 6 8
29 1 7 20
29 2 1 1
29 2 2 2
29 2 3 0
29 2 4 2
29 2 5 3
29 2 6 6
29 2 7 21
29 3 1 0
29 3 2 2
29 3 3 0
29 3 4 2
29 3 5 2
29 3 6 8
29 3 7 21
29 4 1 1
29 4 2 1
29 4 3 2
29 4 4 3
29 4 5 2
29 4 6 6
29 4 7 21
29 5 1 0
29 5 2 1
29 5 3 1
29 5 4 4
29 5 5 3
29 5 6 7
29 5 7 19
29 6 1 0
29 6 2 1
29 6 3 0
29 6 4 3
29 6 5 3
29 6 6 8
29 6 7 20
29 7 1 1
29 7 2 0
29 7 3 1
29 7 4 2
29 7 5 2
29 7 6 8
29 7 7 19
29 8 1 0
29 8 2 2
29 8 3 1
29 8 4 2
29 8 5 4
29 8 6 7
29 8 7 17
29 9 1 1
29 9 2 0
29 9 3 3
29 9 4 3
29 9 5 5
29 9 6 7
29 9 7 17
29 10 1 0
29 10 2 2
29 10 3 1
29 10 4 4
29 10 5 2
29 10 6 9
29 10 7 18
29 11 1 1
29 11 2 3
29 11 3 1
29 11 4 4
29 11 5 2
29 11 6 7
29 11 7 18
29 12 1 0
29 12 2 0
29 12 3 2
29 12 4 3
29 12 5 0
29 12 6 3
29 12 7 11
29 13 1 1
29 13 2 3
29 13 3 1
29 13 4 6
29 13 5 1
29 13 6 8
29 13 7 15
29 14 1 1
29 14 2 0
29 14 3 3
29 14 4 5
29 14 5 0
29 14 6 10
29 14 7 15
29 15 1 3
29 15 2 0
29 15 3 1
29 15 4 5
29 15 5 2
29 15 6 9
29 15 7 15
29 16 1 1
29 16 2 1
29 16 3 0
29 16 4 3
29 16 5 1
29 16 6 7
29 16 7 23
29 17 1 0
29 17 2 1
29 17 3 1
29 17 4 2
29 17 5 3
29 17 6 5
29 17 7 16
29 18 1 0
29 18 2 1
29 18 3 0
29 18 4 4
29 18 5 1
29 18 6 4
29 18 7 21
30 1 1 1
30 1 2 1
30 1 3 1
30 1 4 4
30 1 5 6
30 1 6 7
30 1 7 19
30 2 1 2
30 2 2 0
30 2 3 2
30 2 4 5
30 2 5 6
30 2 6 8
30 2 7 17
30 3 1 1
30 3 2 1
30 3 3 0
30 3 4 3
30 3 5 6
30 3 6 4
30 3 7 19
30 4 1 2
30 4 2 2
30 4 3 0
30 4 4 4
30 4 5 4
30 4 6 9
30 4 7 18
30 5 1 1
30 5 2 1
30 5 3 0
30 5 4 5
30 5 5 5
30 5 6 8
30 5 7 19
30 6 1 1
30 6 2 2
30 6 3 1
30 6 4 3
30 6 5 4
30 6 6 8
30 6 7 18
30 7 1 3
30 7 2 0
30 7 3 0
30 7 4 4
30 7 5 7
30 7 6 6
30 7 7 16
30 8 1 1
30 8 2 2
30 8 3 0
30 8 4 4
30 8 5 6
30 8 6 6
30 8 7 13
30 9 1 2
30 9 2 0
30 9 3 1
30 9 4 6
30 9 5 6
30 9 6 7
30 9 7 17
30 10 1 0
30 10 2 2
30 10 3 0
30 10 4 6
30 10 5 9
30 10 6 5
30 10 7 18
30 11 1 3
30 11 2 0
30 11 3 0
30 11 4 5
30 11 5 8
30 11 6 8
30 11 7 17
30 12 1 0
30 12 2 0
30 12 3 0
30 12 4 3
30 12 5 4
30 12 6 3
30 12 7 7
30 13 1 2
30 13 2 0
30 13 3 3
30 13 4 8
30 13 5 9
30 13 6 7
30 13 7 10
30 14 1 1
30 14 2 1
30 14 3 1
30 14 4 6
30 14 5 6
30 14 6 8
30 14 7 12
30 15 1 1
30 15 2 1
30 15 3 1
30 15 4 8
30 15 5 5
30 15 6 4
30 15 7 18
30 16 1 0
30 16 2 0
30 16 3 3
30 16 4 4
30 16 5 7
30 16 6 5
30 16 7 18
30 17 1 0
30 17 2 1
30 17 3 1
30 17 4 4
30 17 5 4
30 17 6 5
30 17 7 14
30 18 1 1
30 18 2 2
30 18 3 1
30 18 4 5
30 18 5 5
30 18 6 5
30 18 7 16
31 1 1 1
31 1 2 1
31 1 3 0
31 1 4 6
31 1 5 9
31 1 6 5
31 1 7 9
31 2 1 1
31 2 2 2
31 2 3 3
31 2 4 10
31 2 5 4
31 2 6 5
31 2 7 6
31 3 1 1
31 3 2 0
31 3 3 1
31 3 4 6
31 3 5 4
31 3 6 5
31 3 7 11
31 4 1 2
31 4 2 1
31 4 3 0
31 4 4 7
31 4 5 4
31 4 6 7
31 4 7 10
31 5 1 1
31 5 2 1
31 5 3 1
31 5 4 6
31 5 5 5
31 5 6 6
31 5 7 10
31 6 1 1
31 6 2 1
31 6 3 0
31 6 4 6
31 6 5 6
31 6 6 5
31 6 7 9
31 7 1 2
31 7 2 1
31 7 3 1
31 7 4 7
31 7 5 3
31 7 6 2
31 7 7 10
31 8 1 1
31 8 2 2
31 8 3 0
31 8 4 6
31 8 5 3
31 8 6 6
31 8 7 7
31 9 1 1
31 9 2 0
31 9 3 0
31 9 4 7
31 9 5 5
31 9 6 7
31 9 7 10
31 10 1 2
31 10 2 0
31 10 3 0
31 10 4 9
31 10 5 6
31 10 6 6
31 10 7 8
31 11 1 2
31 11 2 2
31 11 3 0
31 11 4 8
31 11 5 8
31 11 6 4
31 11 7 8
31 12 1 1
31 12 2 0
31 12 3 0
31 12 4 2
31 12 5 4
31 12 6 3
31 12 7 7
31 13 1 1
31 13 2 2
31 13 3 2
31 13 4 8
31 13 5 6
31 13 6 6
31 13 7 7
31 14 1 1
31 14 2 1
31 14 3 1
31 14 4 9
31 14 5 3
31 14 6 5
31 14 7 10
31 15 1 3
31 15 2 2
31 15 3 0
31 15 4 8
31 15 5 4
31 15 6 6
31 15 7 8
31 16 1 1
31 16 2 1
31 16 3 1
31 16 4 5
31 16 5 7
31 16 6 6
31 16 7 10
31 17 1 1
31 17 2 0
31 17 3 1
31 17 4 7
31 17 5 2
31 17 6 6
31 17 7 7
31 18 1 2
31 18 2 0
31 18 3 0
31 18 4 7
31 18 5 4
31 18 6 7
31 18 7 7
32 1 1 3
32 1 2 0
32 1 3 1
32 1 4 5
32 1 5 5
32 1 6 8
32 1 7 22
32 2 1 2
32 2 2 1
32 2 3 0
32 2 4 6
32 2 5 6
32 2 6 5
32 2 7 26
32 3 1 2
32 3 2 0
32 3 3 1
32 3 4 5
32 3 5 4
32 3 6 5
32 3 7 26
32 4 1 2
32 4 2 1
32 4 3 1
32 4 4 2
32 4 5 6
32 4 6 6
32 4 7 23
32 5 1 2
32 5 2 1
32 5 3 0
32 5 4 4
32 5 5 4
32 5 6 5
32 5 7 27
32 6 1 2
32 6 2 0
32 6 3 1
32 6 4 4
32 6 5 2
32 6 6 7
32 6 7 24
32 7 1 2
32 7 2 1
32 7 3 0
32 7 4 5
32 7 5 4
32 7 6 6
32 7 7 23
32 8 1 1
32 8 2 2
32 8 3 1
32 8 4 2
32 8 5 3
32 8 6 7
32 8 7 20
32 9 1 1
32 9 2 1
32 9 3 1
32 9 4 2
32 9 5 3
32 9 6 10
32 9 7 24
32 10 1 2
32 10 2 1
32 10 3 0
32 10 4 5
32 10 5 6
32 10 6 8
32 10 7 21
32 11 1 2
32 11 2 1
32 11 3 0
32 11 4 7
32 11 5 2
32 11 6 9
32 11 7 25
32 12 1 1
32 12 2 0
32 12 3 0
32 12 4 0
32 12 5 2
32 12 6 5
32 12 7 21
32 13 1 3
32 13 2 1
32 13 3 1
32 13 4 5
32 13 5 5
32 13 6 6
32 13 7 20
32 14 1 1
32 14 2 1
32 14 3 1
32 14 4 3
32 14 5 5
32 14 6 11
32 14 7 22
32 15 1 1
32 15 2 2
32 15 3 1
32 15 4 5
32 15 5 4
32 15 6 8
32 15 7 22
32 16 1 2
32 16 2 1
32 16 3 0
32 16 4 6
32 16 5 3
32 16 6 4
32 16 7 23
32 17 1 2
32 17 2 1
32 17 3 0
32 17 4 3
32 17 5 2
32 17 6 8
32 17 7 18
32 18 1 3
32 18 2 0
32 18 3 0
32 18 4 2
32 18 5 2
32 18 6 9
32 18 7 21
33 1 1 0
33 1 2 1
33 1 3 3
33 1 4 9
33 1 5 5
33 1 6 7
33 1 7 10
33 2 1 0
33 2 2 1
33 2 3 3
33 2 4 8
33 2 5 4
33 2 6 8
33 2 7 10
33 3 1 0
33 3 2 0
33 3 3 2
33 3 4 8
33 3 5 6
33 3 6 9
33 3 7 8
33 4 1 0
33 4 2 1
33 4 3 2
33 4 4 9
33 4 5 6
33 4 6 7
33 4 7 9
33 5 1 0
33 5 2 0
33 5 3 2
33 5 4 10
33 5 5 4
33 5 6 10
33 5 7 8
33 6 1 0
33 6 2 0
33 6 3 4
33 6 4 8
33 6 5 3
33 6 6 8
33 6 7 9
33 7 1 0
33 7 2 0
33 7 3 4
33 7 4 5
33 7 5 6
33 7 6 8
33 7 7 8
33 8 1 0
33 8 2 0
33 8 3 3
33 8 4 6
33 8 5 5
33 8 6 8
33 8 7 9
33 9 1 0
33 9 2 1
33 9 3 5
33 9 4 8
33 9 5 5
33 9 6 8
33 9 7 8
33 10 1 0
33 10 2 0
33 10 3 4
33 10 4 9
33 10 5 3
33 10 6 8
33 10 7 10
33 11 1 0
33 11 2 0
33 11 3 4
33 11 4 10
33 11 5 5
33 11 6 6
33 11 7 11
33 12 1 0
33 12 2 0
33 12 3 1
33 12 4 6
33 12 5 1
33 12 6 5
33 12 7 10
33 13 1 0
33 13 2 1
33 13 3 1
33 13 4 8
33 13 5 6
33 13 6 7
33 13 7 9
33 14 1 0
33 14 2 0
33 14 3 3
33 14 4 4
33 14 5 10
33 14 6 9
33 14 7 8
33 15 1 1
33 15 2 0
33 15 3 4
33 15 4 7
33 15 5 6
33 15 6 7
33 15 7 9
33 16 1 0
33 16 2 0
33 16 3 3
33 16 4 7
33 16 5 4
33 16 6 8
33 16 7 10
33 17 1 0
33 17 2 0
33 17 3 2
33 17 4 4
33 17 5 4
33 17 6 8
33 17 7 10
33 18 1 0
33 18 2 0
33 18 3 3
33 18 4 4
33 18 5 5
33 18 6 8
33 18 7 12
34 1 1 0
34 1 2 0
34 1 3 0
34 1 4 3
34 1 5 1
34 1 6 4
34 1 7 4
34 2 1 0
34 2 2 0
34 2 3 0
34 2 4 3
34 2 5 2
34 2 6 3
34 2 7 4
34 3 1 0
34 3 2 0
34 3 3 0
34 3 4 1
34 3 5 0
34 3 6 3
34 3 7 8
34 4 1 0
34 4 2 0
34 4 3 0
34 4 4 1
34 4 5 1
34 4 6 5
34 4 7 4
34 5 1 0
34 5 2 0
34 5 3 0
34 5 4 1
34 5 5 3
34 5 6 3
34 5 7 5
34 6 1 0
34 6 2 0
34 6 3 0
34 6 4 1
34 6 5 1
34 6 6 3
34 6 7 5
34 7 1 0
34 7 2 0
34 7 3 0
34 7 4 2
34 7 5 0
34 7 6 3
34 7 7 7
34 8 1 0
34 8 2 0
34 8 3 0
34 8 4 3
34 8 5 0
34 8 6 3
34 8 7 6
34 9 1 0
34 9 2 0
34 9 3 0
34 9 4 4
34 9 5 1
34 9 6 2
34 9 7 5
34 10 1 0
34 10 2 0
34 10 3 0
34 10 4 1
34 10 5 2
34 10 6 5
34 10 7 4
34 11 1 0
34 11 2 0
34 11 3 0
34 11 4 1
34 11 5 1
34 11 6 6
34 11 7 4
34 12 1 0
34 12 2 0
34 12 3 0
34 12 4 1
34 12 5 1
34 12 6 2
34 12 7 3
34 13 1 0
34 13 2 0
34 13 3 0
34 13 4 3
34 13 5 0
34 13 6 3
34 13 7 3
34 14 1 0
34 14 2 0
34 14 3 0
34 14 4 2
34 14 5 2
34 14 6 4
34 14 7 3
34 15 1 0
34 15 2 0
34 15 3 0
34 15 4 1
34 15 5 1
34 15 6 4
34 15 7 6
34 16 1 0
34 16 2 0
34 16 3 0
34 16 4 1
34 16 5 2
34 16 6 2
34 16 7 6
34 17 1 0
34 17 2 0
34 17 3 0
34 17 4 2
34 17 5 1
34 17 6 2
34 17 7 7
34 18 1 0
34 18 2 0
34 18 3 0
34 18 4 1
34 18 5 1
34 18 6 4
34 18 7 6
35 1 1 0
35 1 2 0
35 1 3 0
35 1 4 2
35 1 5 1
35 1 6 1
35 1 7 4
35 2 1 0
35 2 2 0
35 2 3 0
35 2 4 2
35 2 5 2
35 2 6 0
35 2 7 4
35 3 1 0
35 3 2 0
35 3 3 0
35 3 4 2
35 3 5 2
35 3 6 0
35 3 7 4
35 4 1 0
35 4 2 0
35 4 3 0
35 4 4 2
35 4 5 1
35 4 6 1
35 4 7 4
35 5 1 0
35 5 2 0
35 5 3 0
35 5 4 2
35 5 5 1
35 5 6 1
35 5 7 4
35 6 1 0
35 6 2 0
35 6 3 0
35 6 4 2
35 6 5 1
35 6 6 0
35 6 7 4
35 7 1 0
35 7 2 0
35 7 3 0
35 7 4 2
35 7 5 1
35 7 6 1
35 7 7 4
35 8 1 0
35 8 2 0
35 8 3 0
35 8 4 2
35 8 5 2
35 8 6 0
35 8 7 4
35 9 1 0
35 9 2 0
35 9 3 0
35 9 4 2
35 9 5 1
35 9 6 1
35 9 7 4
35 10 1 0
35 10 2 0
35 10 3 0
35 10 4 2
35 10 5 1
35 10 6 1
35 10 7 4
35 11 1 0
35 11 2 0
35 11 3 0
35 11 4 1
35 11 5 0
35 11 6 3
35 11 7 4
35 12 1 0
35 12 2 0
35 12 3 0
35 12 4 1
35 12 5 1
35 12 6 1
35 12 7 5
35 13 1 0
35 13 2 0
35 13 3 0
35 13 4 1
35 13 5 0
35 13 6 2
35 13 7 4
35 14 1 0
35 14 2 0
35 14 3 0
35 14 4 1
35 14 5 1
35 14 6 2
35 14 7 4
35 15 1 0
35 15 2 0
35 15 3 0
35 15 4 1
35 15 5 0
35 15 6 1
35 15 7 6
35 16 1 0
35 16 2 0
35 16 3 0
35 16 4 1
35 16 5 1
35 16 6 1
35 16 7 5
35 17 1 0
35 17 2 0
35 17 3 0
35 17 4 1
35 17 5 1
35 17 6 2
35 17 7 4
35 18 1 0
35 18 2 0
35 18 3 0
35 18 4 1
35 18 5 1
35 18 6 2
35 18 7 4
36 1 1 0
36 1 2 0
36 1 3 0
36 1 4 1
36 1 5 0
36 1 6 5
36 1 7 13
36 2 1 0
36 2 2 0
36 2 3 0
36 2 4 0
36 2 5 2
36 2 6 6
36 2 7 12
36 3 1 0
36 3 2 0
36 3 3 0
36 3 4 1
36 3 5 0
36 3 6 4
36 3 7 15
36 4 1 0
36 4 2 0
36 4 3 0
36 4 4 0
36 4 5 2
36 4 6 5
36 4 7 13
36 5 1 0
36 5 2 0
36 5 3 0
36 5 4 1
36 5 5 1
36 5 6 5
36 5 7 14
36 6 1 0
36 6 2 0
36 6 3 0
36 6 4 0
36 6 5 1
36 6 6 6
36 6 7 13
36 7 1 0
36 7 2 0
36 7 3 0
36 7 4 0
36 7 5 2
36 7 6 6
36 7 7 12
36 8 1 0
36 8 2 0
36 8 3 0
36 8 4 1
36 8 5 2
36 8 6 5
36 8 7 11
36 9 1 0
36 9 2 0
36 9 3 0
36 9 4 0
36 9 5 1
36 9 6 6
36 9 7 13
36 10 1 0
36 10 2 0
36 10 3 0
36 10 4 0
36 10 5 1
36 10 6 5
36 10 7 13
36 11 1 0
36 11 2 0
36 11 3 0
36 11 4 0
36 11 5 1
36 11 6 3
36 11 7 17
36 12 1 0
36 12 2 0
36 12 3 0
36 12 4 0
36 12 5 1
36 12 6 3
36 12 7 13
36 13 1 0
36 13 2 0
36 13 3 0
36 13 4 1
36 13 5 2
36 13 6 2
36 13 7 10
36 14 1 0
36 14 2 0
36 14 3 0
36 14 4 1
36 14 5 1
36 14 6 4
36 14 7 14
36 15 1 0
36 15 2 0
36 15 3 0
36 15 4 1
36 15 5 1
36 15 6 3
36 15 7 16
36 16 1 0
36 16 2 0
36 16 3 0
36 16 4 1
36 16 5 1
36 16 6 3
36 16 7 14
36 17 1 0
36 17 2 0
36 17 3 0
36 17 4 1
36 17 5 2
36 17 6 3
36 17 7 12
36 18 1 0
36 18 2 0
36 18 3 0
36 18 4 1
36 18 5 1
36 18 6 4
36 18 7 11
37 1 1 0
37 1 2 1
37 1 3 3
37 1 4 11
37 1 5 12
37 1 6 14
37 1 7 43
37 2 1 1
37 2 2 0
37 2 3 12
37 2 4 18
37 2 5 15
37 2 6 10
37 2 7 28
37 3 1 0
37 3 2 0
37 3 3 3
37 3 4 9
37 3 5 17
37 3 6 14
37 3 7 41
37 4 1 0
37 4 2 1
37 4 3 2
37 4 4 9
37 4 5 12
37 4 6 15
37 4 7 45
37 5 1 0
37 5 2 1
37 5 3 2
37 5 4 14
37 5 5 15
37 5 6 16
37 5 7 35
37 6 1 0
37 6 2 0
37 6 3 1
37 6 4 6
37 6 5 11
37 6 6 14
37 6 7 51
37 7 1 0
37 7 2 1
37 7 3 3
37 7 4 13
37 7 5 13
37 7 6 13
37 7 7 40
37 8 1 0
37 8 2 0
37 8 3 5
37 8 4 11
37 8 5 10
37 8 6 9
37 8 7 27
37 9 1 0
37 9 2 0
37 9 3 1
37 9 4 8
37 9 5 11
37 9 6 22
37 9 7 36
37 10 1 0
37 10 2 0
37 10 3 4
37 10 4 9
37 10 5 9
37 10 6 20
37 10 7 42
37 11 1 0
37 11 2 1
37 11 3 4
37 11 4 13
37 11 5 13
37 11 6 17
37 11 7 35
37 12 1 4
37 12 2 4
37 12 3 5
37 12 4 13
37 12 5 17
37 12 6 10
37 12 7 28
37 13 1 1
37 13 2 2
37 13 3 5
37 13 4 22
37 13 5 18
37 13 6 10
37 13 7 24
37 14 1 3
37 14 2 5
37 14 3 1
37 14 4 15
37 14 5 17
37 14 6 14
37 14 7 28
37 15 1 1
37 15 2 2
37 15 3 4
37 15 4 16
37 15 5 10
37 15 6 15
37 15 7 34
37 16 1 0
37 16 2 0
37 16 3 1
37 16 4 8
37 16 5 9
37 16 6 8
37 16 7 57
37 17 1 0
37 17 2 0
37 17 3 2
37 17 4 9
37 17 5 9
37 17 6 10
37 17 7 38
37 18 1 0
37 18 2 0
37 18 3 2
37 18 4 11
37 18 5 12
37 18 6 14
37 18 7 44
38 1 1 2
38 1 2 2
38 1 3 0
38 1 4 5
38 1 5 1
38 1 6 0
38 1 7 3
38 2 1 1
38 2 2 3
38 2 3 0
38 2 4 3
38 2 5 2
38 2 6 1
38 2 7 3
38 3 1 1
38 3 2 0
38 3 3 0
38 3 4 5
38 3 5 1
38 3 6 2
38 3 7 4
38 4 1 1
38 4 2 1
38 4 3 1
38 4 4 1
38 4 5 2
38 4 6 1
38 4 7 5
38 5 1 1
38 5 2 0
38 5 3 2
38 5 4 4
38 5 5 0
38 5 6 3
38 5 7 3
38 6 1 1
38 6 2 0
38 6 3 1
38 6 4 3
38 6 5 1
38 6 6 2
38 6 7 5
38 7 1 1
38 7 2 0
38 7 3 1
38 7 4 2
38 7 5 3
38 7 6 1
38 7 7 5
38 8 1 1
38 8 2 1
38 8 3 0
38 8 4 2
38 8 5 1
38 8 6 0
38 8 7 7
38 9 1 1
38 9 2 0
38 9 3 0
38 9 4 3
38 9 5 0
38 9 6 1
38 9 7 7
38 10 1 1
38 10 2 1
38 10 3 1
38 10 4 3
38 10 5 2
38 10 6 1
38 10 7 4
38 11 1 1
38 11 2 1
38 11 3 1
38 11 4 2
38 11 5 1
38 11 6 3
38 11 7 4
38 12 1 1
38 12 2 0
38 12 3 1
38 12 4 1
38 12 5 0
38 12 6 0
38 12 7 2
38 13 1 1
38 13 2 1
38 13 3 0
38 13 4 2
38 13 5 2
38 13 6 0
38 13 7 5
38 14 1 0
38 14 2 2
38 14 3 0
38 14 4 2
38 14 5 0
38 14 6 2
38 14 7 7
38 15 1 1
38 15 2 1
38 15 3 0
38 15 4 5
38 15 5 1
38 15 6 1
38 15 7 4
38 16 1 1
38 16 2 0
38 16 3 0
38 16 4 2
38 16 5 1
38 16 6 1
38 16 7 8
38 17 1 1
38 17 2 0
38 17 3 0
38 17 4 5
38 17 5 0
38 17 6 0
38 17 7 7
38 18 1 1
38 18 2 0
38 18 3 1
38 18 4 2
38 18 5 2
38 18 6 1
38 18 7 6
39 1 1 0
39 1 2 1
39 1 3 1
39 1 4 3
39 1 5 4
39 1 6 6
39 1 7 5
39 2 1 1
39 2 2 0
39 2 3 2
39 2 4 4
39 2 5 3
39 2 6 2
39 2 7 7
39 3 1 0
39 3 2 1
39 3 3 0
39 3 4 1
39 3 5 0
39 3 6 7
39 3 7 11
39 4 1 0
39 4 2 2
39 4 3 0
39 4 4 2
39 4 5 3
39 4 6 6
39 4 7 7
39 5 1 0
39 5 2 2
39 5 3 0
39 5 4 2
39 5 5 2
39 5 6 7
39 5 7 7
39 6 1 1
39 6 2 1
39 6 3 1
39 6 4 0
39 6 5 1
39 6 6 8
39 6 7 7
39 7 1 1
39 7 2 1
39 7 3 0
39 7 4 1
39 7 5 1
39 7 6 8
39 7 7 8
39 8 1 0
39 8 2 2
39 8 3 1
39 8 4 1
39 8 5 2
39 8 6 4
39 8 7 7
39 9 1 1
39 9 2 0
39 9 3 1
39 9 4 1
39 9 5 5
39 9 6 4
39 9 7 8
39 10 1 1
39 10 2 0
39 10 3 1
39 10 4 2
39 10 5 3
39 10 6 8
39 10 7 5
39 11 1 0
39 11 2 2
39 11 3 0
39 11 4 0
39 11 5 1
39 11 6 12
39 11 7 5
39 12 1 0
39 12 2 0
39 12 3 0
39 12 4 1
39 12 5 1
39 12 6 3
39 12 7 3
39 13 1 2
39 13 2 0
39 13 3 0
39 13 4 0
39 13 5 4
39 13 6 8
39 13 7 6
39 14 1 3
39 14 2 0
39 14 3 2
39 14 4 3
39 14 5 1
39 14 6 4
39 14 7 5
39 15 1 0
39 15 2 1
39 15 3 2
39 15 4 3
39 15 5 4
39 15 6 5
39 15 7 4
39 16 1 1
39 16 2 1
39 16 3 0
39 16 4 1
39 16 5 3
39 16 6 5
39 16 7 9
39 17 1 0
39 17 2 1
39 17 3 0
39 17 4 2
39 17 5 3
39 17 6 4
39 17 7 9
39 18 1 1
39 18 2 1
39 18 3 0
39 18 4 3
39 18 5 3
39 18 6 6
39 18 7 5
40 1 1 0
40 1 2 0
40 1 3 0
40 1 4 1
40 1 5 0
40 1 6 7
40 1 7 15
40 2 1 0
40 2 2 1
40 2 3 0
40 2 4 1
40 2 5 3
40 2 6 6
40 2 7 13
40 3 1 0
40 3 2 0
40 3 3 0
40 3 4 3
40 3 5 0
40 3 6 6
40 3 7 15
40 4 1 0
40 4 2 0
40 4 3 0
40 4 4 2
40 4 5 1
40 4 6 6
40 4 7 15
40 5 1 0
40 5 2 0
40 5 3 0
40 5 4 1
40 5 5 3
40 5 6 7
40 5 7 13
40 6 1 0
40 6 2 0
40 6 3 0
40 6 4 1
40 6 5 1
40 6 6 4
40 6 7 17
40 7 1 0
40 7 2 0
40 7 3 0
40 7 4 1
40 7 5 1
40 7 6 6
40 7 7 15
40 8 1 0
40 8 2 0
40 8 3 1
40 8 4 1
40 8 5 0
40 8 6 4
40 8 7 12
40 9 1 0
40 9 2 0
40 9 3 2
40 9 4 2
40 9 5 1
40 9 6 4
40 9 7 14
40 10 1 0
40 10 2 0
40 10 3 0
40 10 4 1
40 10 5 3
40 10 6 5
40 10 7 15
40 11 1 0
40 11 2 0
40 11 3 0
40 11 4 2
40 11 5 2
40 11 6 7
40 11 7 13
40 12 1 0
40 12 2 0
40 12 3 0
40 12 4 1
40 12 5 0
40 12 6 2
40 12 7 10
40 13 1 0
40 13 2 0
40 13 3 0
40 13 4 3
40 13 5 3
40 13 6 7
40 13 7 10
40 14 1 1
40 14 2 0
40 14 3 1
40 14 4 4
40 14 5 1
40 14 6 4
40 14 7 8
40 15 1 0
40 15 2 0
40 15 3 0
40 15 4 1
40 15 5 4
40 15 6 5
40 15 7 11
40 16 1 0
40 16 2 0
40 16 3 0
40 16 4 1
40 16 5 2
40 16 6 3
40 16 7 17
40 17 1 0
40 17 2 0
40 17 3 0
40 17 4 3
40 17 5 0
40 17 6 4
40 17 7 10
40 18 1 0
40 18 2 0
40 18 3 1
40 18 4 3
40 18 5 1
40 18 6 5
40 18 7 13
41 1 1 0
41 1 2 0
41 1 3 0
41 1 4 4
41 1 5 2
41 1 6 7
41 1 7 12
41 2 1 0
41 2 2 1
41 2 3 1
41 2 4 4
41 2 5 5
41 2 6 4
41 2 7 10
41 3 1 0
41 3 2 1
41 3 3 0
41 3 4 3
41 3 5 2
41 3 6 6
41 3 7 13
41 4 1 0
41 4 2 0
41 4 3 1
41 4 4 1
41 4 5 4
41 4 6 3
41 4 7 15
41 5 1 0
41 5 2 0
41 5 3 0
41 5 4 2
41 5 5 2
41 5 6 6
41 5 7 15
41 6 1 0
41 6 2 0
41 6 3 0
41 6 4 2
41 6 5 0
41 6 6 7
41 6 7 15
41 7 1 0
41 7 2 0
41 7 3 0
41 7 4 5
41 7 5 1
41 7 6 5
41 7 7 14
41 8 1 0
41 8 2 0
41 8 3 2
41 8 4 1
41 8 5 3
41 8 6 7
41 8 7 12
41 9 1 0
41 9 2 0
41 9 3 1
41 9 4 5
41 9 5 4
41 9 6 1
41 9 7 13
41 10 1 0
41 10 2 0
41 10 3 0
41 10 4 2
41 10 5 3
41 10 6 4
41 10 7 16
41 11 1 0
41 11 2 1
41 11 3 0
41 11 4 2
41 11 5 1
41 11 6 6
41 11 7 14
41 12 1 0
41 12 2 0
41 12 3 0
41 12 4 3
41 12 5 0
41 12 6 4
41 12 7 3
41 13 1 1
41 13 2 1
41 13 3 1
41 13 4 6
41 13 5 4
41 13 6 5
41 13 7 7
41 14 1 0
41 14 2 0
41 14 3 1
41 14 4 5
41 14 5 4
41 14 6 5
41 14 7 10
41 15 1 0
41 15 2 0
41 15 3 0
41 15 4 4
41 15 5 0
41 15 6 5
41 15 7 16
41 16 1 0
41 16 2 0
41 16 3 0
41 16 4 3
41 16 5 1
41 16 6 2
41 16 7 19
41 17 1 0
41 17 2 1
41 17 3 0
41 17 4 2
41 17 5 1
41 17 6 4
41 17 7 17
41 18 1 0
41 18 2 1
41 18 3 0
41 18 4 3
41 18 5 4
41 18 6 5
41 18 7 12
42 1 1 0
42 1 2 1
42 1 3 1
42 1 4 3
42 1 5 6
42 1 6 6
42 1 7 11
42 2 1 1
42 2 2 0
42 2 3 4
42 2 4 8
42 2 5 5
42 2 6 2
42 2 7 8
42 3 1 0
42 3 2 0
42 3 3 1
42 3 4 8
42 3 5 2
42 3 6 6
42 3 7 11
42 4 1 0
42 4 2 0
42 4 3 1
42 4 4 4
42 4 5 6
42 4 6 5
42 4 7 12
42 5 1 0
42 5 2 1
42 5 3 1
42 5 4 1
42 5 5 5
42 5 6 8
42 5 7 12
42 6 1 0
42 6 2 0
42 6 3 0
42 6 4 2
42 6 5 2
42 6 6 7
42 6 7 17
42 7 1 0
42 7 2 0
42 7 3 1
42 7 4 3
42 7 5 4
42 7 6 10
42 7 7 10
42 8 1 1
42 8 2 1
42 8 3 1
42 8 4 2
42 8 5 4
42 8 6 8
42 8 7 11
42 9 1 0
42 9 2 1
42 9 3 1
42 9 4 4
42 9 5 6
42 9 6 7
42 9 7 9
42 10 1 1
42 10 2 0
42 10 3 0
42 10 4 1
42 10 5 7
42 10 6 9
42 10 7 10
42 11 1 1
42 11 2 0
42 11 3 0
42 11 4 6
42 11 5 5
42 11 6 8
42 11 7 8
42 12 1 0
42 12 2 0
42 12 3 1
42 12 4 3
42 12 5 2
42 12 6 6
42 12 7 5
42 13 1 0
42 13 2 0
42 13 3 3
42 13 4 7
42 13 5 4
42 13 6 7
42 13 7 6
42 14 1 0
42 14 2 2
42 14 3 1
42 14 4 5
42 14 5 2
42 14 6 9
42 14 7 8
42 15 1 0
42 15 2 0
42 15 3 1
42 15 4 4
42 15 5 2
42 15 6 7
42 15 7 14
42 16 1 0
42 16 2 0
42 16 3 0
42 16 4 1
42 16 5 3
42 16 6 6
42 16 7 18
42 17 1 0
42 17 2 0
42 17 3 0
42 17 4 2
42 17 5 1
42 17 6 5
42 17 7 20
42 18 1 0
42 18 2 0
42 18 3 1
42 18 4 5
42 18 5 4
42 18 6 8
42 18 7 10
43 1 1 1
43 1 2 0
43 1 3 0
43 1 4 3
43 1 5 3
43 1 6 4
43 1 7 9
43 2 1 0
43 2 2 2
43 2 3 2
43 2 4 3
43 2 5 0
43 2 6 4
43 2 7 8
43 3 1 0
43 3 2 1
43 3 3 0
43 3 4 4
43 3 5 4
43 3 6 3
43 3 7 8
43 4 1 0
43 4 2 0
43 4 3 0
43 4 4 4
43 4 5 2
43 4 6 6
43 4 7 8
43 5 1 0
43 5 2 0
43 5 3 1
43 5 4 1
43 5 5 2
43 5 6 4
43 5 7 11
43 6 1 0
43 6 2 1
43 6 3 0
43 6 4 0
43 6 5 1
43 6 6 7
43 6 7 11
43 7 1 1
43 7 2 0
43 7 3 0
43 7 4 1
43 7 5 2
43 7 6 6
43 7 7 8
43 8 1 0
43 8 2 0
43 8 3 0
43 8 4 2
43 8 5 0
43 8 6 4
43 8 7 14
43 9 1 0
43 9 2 0
43 9 3 0
43 9 4 3
43 9 5 3
43 9 6 4
43 9 7 10
43 10 1 0
43 10 2 0
43 10 3 1
43 10 4 0
43 10 5 2
43 10 6 3
43 10 7 13
43 11 1 0
43 11 2 0
43 11 3 1
43 11 4 3
43 11 5 3
43 11 6 4
43 11 7 8
43 12 1 0
43 12 2 0
43 12 3 1
43 12 4 1
43 12 5 2
43 12 6 1
43 12 7 3
43 13 1 2
43 13 2 0
43 13 3 1
43 13 4 4
43 13 5 4
43 13 6 4
43 13 7 5
43 14 1 0
43 14 2 0
43 14 3 1
43 14 4 2
43 14 5 4
43 14 6 5
43 14 7 8
43 15 1 0
43 15 2 0
43 15 3 0
43 15 4 1
43 15 5 5
43 15 6 3
43 15 7 11
43 16 1 0
43 16 2 0
43 16 3 0
43 16 4 0
43 16 5 1
43 16 6 4
43 16 7 15
43 17 1 1
43 17 2 0
43 17 3 0
43 17 4 1
43 17 5 1
43 17 6 2
43 17 7 14
43 18 1 0
43 18 2 0
43 18 3 0
43 18 4 0
43 18 5 5
43 18 6 6
43 18 7 9
44 1 1 0
44 1 2 0
44 1 3 0
44 1 4 1
44 1 5 6
44 1 6 6
44 1 7 10
44 2 1 0
44 2 2 0
44 2 3 3
44 2 4 3
44 2 5 2
44 2 6 10
44 2 7 5
44 3 1 0
44 3 2 0
44 3 3 0
44 3 4 1
44 3 5 5
44 3 6 8
44 3 7 9
44 4 1 0
44 4 2 0
44 4 3 0
44 4 4 3
44 4 5 2
44 4 6 5
44 4 7 13
44 5 1 0
44 5 2 0
44 5 3 0
44 5 4 3
44 5 5 4
44 5 6 4
44 5 7 12
44 6 1 0
44 6 2 0
44 6 3 0
44 6 4 1
44 6 5 2
44 6 6 5
44 6 7 15
44 7 1 0
44 7 2 0
44 7 3 1
44 7 4 2
44 7 5 2
44 7 6 7
44 7 7 11
44 8 1 0
44 8 2 0
44 8 3 0
44 8 4 0
44 8 5 2
44 8 6 4
44 8 7 16
44 9 1 0
44 9 2 0
44 9 3 1
44 9 4 5
44 9 5 3
44 9 6 6
44 9 7 8
44 10 1 0
44 10 2 0
44 10 3 0
44 10 4 3
44 10 5 2
44 10 6 6
44 10 7 12
44 11 1 0
44 11 2 0
44 11 3 1
44 11 4 2
44 11 5 5
44 11 6 5
44 11 7 10
44 12 1 0
44 12 2 0
44 12 3 0
44 12 4 0
44 12 5 2
44 12 6 3
44 12 7 3
44 13 1 0
44 13 2 0
44 13 3 2
44 13 4 6
44 13 5 7
44 13 6 5
44 13 7 3
44 14 1 0
44 14 2 1
44 14 3 0
44 14 4 5
44 14 5 4
44 14 6 4
44 14 7 8
44 15 1 0
44 15 2 0
44 15 3 0
44 15 4 2
44 15 5 4
44 15 6 5
44 15 7 11
44 16 1 0
44 16 2 0
44 16 3 0
44 16 4 1
44 16 5 0
44 16 6 5
44 16 7 17
44 17 1 0
44 17 2 0
44 17 3 0
44 17 4 0
44 17 5 2
44 17 6 4
44 17 7 16
44 18 1 0
44 18 2 0
44 18 3 0
44 18 4 2
44 18 5 4
44 18 6 7
44 18 7 9
45 1 1 0
45 1 2 1
45 1 3 1
45 1 4 3
45 1 5 5
45 1 6 7
45 1 7 6
45 2 1 0
45 2 2 1
45 2 3 6
45 2 4 0
45 2 5 4
45 2 6 7
45 2 7 5
45 3 1 0
45 3 2 0
45 3 3 1
45 3 4 1
45 3 5 2
45 3 6 6
45 3 7 13
45 4 1 0
45 4 2 0
45 4 3 1
45 4 4 1
45 4 5 5
45 4 6 4
45 4 7 12
45 5 1 0
45 5 2 1
45 5 3 0
45 5 4 3
45 5 5 2
45 5 6 6
45 5 7 11
45 6 1 0
45 6 2 0
45 6 3 0
45 6 4 2
45 6 5 2
45 6 6 4
45 6 7 15
45 7 1 0
45 7 2 0
45 7 3 0
45 7 4 2
45 7 5 2
45 7 6 8
45 7 7 10
45 8 1 0
45 8 2 0
45 8 3 0
45 8 4 2
45 8 5 4
45 8 6 4
45 8 7 13
45 9 1 0
45 9 2 0
45 9 3 1
45 9 4 4
45 9 5 3
45 9 6 3
45 9 7 12
45 10 1 0
45 10 2 0
45 10 3 0
45 10 4 4
45 10 5 3
45 10 6 6
45 10 7 10
45 11 1 0
45 11 2 0
45 11 3 1
45 11 4 1
45 11 5 8
45 11 6 5
45 11 7 8
45 12 1 0
45 12 2 0
45 12 3 0
45 12 4 1
45 12 5 1
45 12 6 2
45 12 7 3
45 13 1 0
45 13 2 0
45 13 3 4
45 13 4 6
45 13 5 3
45 13 6 6
45 13 7 4
45 14 1 0
45 14 2 0
45 14 3 1
45 14 4 5
45 14 5 1
45 14 6 5
45 14 7 11
45 15 1 0
45 15 2 0
45 15 3 1
45 15 4 3
45 15 5 2
45 15 6 3
45 15 7 13
45 16 1 0
45 16 2 0
45 16 3 0
45 16 4 1
45 16 5 3
45 16 6 4
45 16 7 15
45 17 1 0
45 17 2 0
45 17 3 1
45 17 4 1
45 17 5 1
45 17 6 5
45 17 7 15
45 18 1 0
45 18 2 0
45 18 3 1
45 18 4 4
45 18 5 1
45 18 6 4
45 18 7 12
46 1 1 0
46 1 2 0
46 1 3 0
46 1 4 2
46 1 5 1
46 1 6 9
46 1 7 11
46 2 1 0
46 2 2 1
46 2 3 0
46 2 4 3
46 2 5 5
46 2 6 5
46 2 7 9
46 3 1 0
46 3 2 0
46 3 3 0
46 3 4 1
46 3 5 6
46 3 6 5
46 3 7 11
46 4 1 0
46 4 2 0
46 4 3 0
46 4 4 1
46 4 5 4
46 4 6 4
46 4 7 14
46 5 1 0
46 5 2 0
46 5 3 0
46 5 4 0
46 5 5 5
46 5 6 6
46 5 7 12
46 6 1 0
46 6 2 0
46 6 3 0
46 6 4 0
46 6 5 2
46 6 6 6
46 6 7 14
46 7 1 0
46 7 2 0
46 7 3 0
46 7 4 0
46 7 5 6
46 7 6 6
46 7 7 11
46 8 1 0
46 8 2 0
46 8 3 0
46 8 4 0
46 8 5 2
46 8 6 5
46 8 7 16
46 9 1 0
46 9 2 0
46 9 3 1
46 9 4 2
46 9 5 2
46 9 6 7
46 9 7 9
46 10 1 0
46 10 2 0
46 10 3 1
46 10 4 0
46 10 5 3
46 10 6 7
46 10 7 12
46 11 1 0
46 11 2 0
46 11 3 1
46 11 4 1
46 11 5 4
46 11 6 4
46 11 7 13
46 12 1 0
46 12 2 0
46 12 3 0
46 12 4 2
46 12 5 1
46 12 6 4
46 12 7 7
46 13 1 0
46 13 2 0
46 13 3 2
46 13 4 7
46 13 5 5
46 13 6 5
46 13 7 4
46 14 1 0
46 14 2 0
46 14 3 0
46 14 4 1
46 14 5 1
46 14 6 9
46 14 7 12
46 15 1 0
46 15 2 0
46 15 3 0
46 15 4 0
46 15 5 2
46 15 6 7
46 15 7 14
46 16 1 0
46 16 2 0
46 16 3 0
46 16 4 0
46 16 5 1
46 16 6 6
46 16 7 16
46 17 1 0
46 17 2 0
46 17 3 0
46 17 4 0
46 17 5 2
46 17 6 4
46 17 7 15
46 18 1 0
46 18 2 0
46 18 3 0
46 18 4 0
46 18 5 2
46 18 6 6
46 18 7 15
47 1 1 0
47 1 2 0
47 1 3 0
47 1 4 1
47 1 5 2
47 1 6 9
47 1 7 9
47 2 1 1
47 2 2 0
47 2 3 0
47 2 4 0
47 2 5 5
47 2 6 5
47 2 7 10
47 3 1 1
47 3 2 0
47 3 3 0
47 3 4 2
47 3 5 3
47 3 6 3
47 3 7 12
47 4 1 0
47 4 2 0
47 4 3 0
47 4 4 1
47 4 5 3
47 4 6 4
47 4 7 13
47 5 1 0
47 5 2 0
47 5 3 0
47 5 4 1
47 5 5 1
47 5 6 8
47 5 7 11
47 6 1 1
47 6 2 0
47 6 3 0
47 6 4 0
47 6 5 2
47 6 6 4
47 6 7 14
47 7 1 1
47 7 2 0
47 7 3 0
47 7 4 0
47 7 5 2
47 7 6 6
47 7 7 12
47 8 1 1
47 8 2 0
47 8 3 0
47 8 4 0
47 8 5 3
47 8 6 5
47 8 7 12
47 9 1 2
47 9 2 0
47 9 3 0
47 9 4 0
47 9 5 2
47 9 6 5
47 9 7 12
47 10 1 1
47 10 2 0
47 10 3 0
47 10 4 0
47 10 5 2
47 10 6 5
47 10 7 13
47 11 1 1
47 11 2 0
47 11 3 0
47 11 4 1
47 11 5 3
47 11 6 5
47 11 7 11
47 12 1 1
47 12 2 0
47 12 3 0
47 12 4 2
47 12 5 1
47 12 6 1
47 12 7 6
47 13 1 1
47 13 2 0
47 13 3 1
47 13 4 6
47 13 5 2
47 13 6 5
47 13 7 6
47 14 1 2
47 14 2 0
47 14 3 0
47 14 4 0
47 14 5 3
47 14 6 4
47 14 7 12
47 15 1 1
47 15 2 0
47 15 3 0
47 15 4 0
47 15 5 2
47 15 6 4
47 15 7 14
47 16 1 0
47 16 2 0
47 16 3 0
47 16 4 0
47 16 5 1
47 16 6 5
47 16 7 15
47 17 1 1
47 17 2 0
47 17 3 0
47 17 4 0
47 17 5 2
47 17 6 4
47 17 7 14
47 18 1 0
47 18 2 0
47 18 3 0
47 18 4 2
47 18 5 3
47 18 6 4
47 18 7 12
48 1 1 0
48 1 2 0
48 1 3 0
48 1 4 1
48 1 5 4
48 1 6 3
48 1 7 1
48 2 1 0
48 2 2 0
48 2 3 0
48 2 4 3
48 2 5 1
48 2 6 4
48 2 7 2
48 3 1 0
48 3 2 0
48 3 3 0
48 3 4 2
48 3 5 2
48 3 6 3
48 3 7 3
48 4 1 0
48 4 2 0
48 4 3 0
48 4 4 2
48 4 5 2
48 4 6 3
48 4 7 3
48 5 1 0
48 5 2 0
48 5 3 0
48 5 4 1
48 5 5 1
48 5 6 3
48 5 7 5
48 6 1 0
48 6 2 0
48 6 3 0
48 6 4 1
48 6 5 1
48 6 6 2
48 6 7 4
48 7 1 0
48 7 2 0
48 7 3 0
48 7 4 1
48 7 5 2
48 7 6 2
48 7 7 3
48 8 1 0
48 8 2 0
48 8 3 0
48 8 4 1
48 8 5 1
48 8 6 2
48 8 7 2
48 9 1 0
48 9 2 0
48 9 3 0
48 9 4 2
48 9 5 1
48 9 6 2
48 9 7 5
48 10 1 0
48 10 2 0
48 10 3 0
48 10 4 2
48 10 5 1
48 10 6 4
48 10 7 2
48 11 1 0
48 11 2 0
48 11 3 0
48 11 4 2
48 11 5 3
48 11 6 3
48 11 7 1
48 12 1 0
48 12 2 0
48 12 3 0
48 12 4 1
48 12 5 1
48 12 6 2
48 12 7 2
48 13 1 0
48 13 2 0
48 13 3 0
48 13 4 2
48 13 5 1
48 13 6 6
48 13 7 1
48 14 1 0
48 14 2 0
48 14 3 0
48 14 4 2
48 14 5 1
48 14 6 4
48 14 7 1
48 15 1 0
48 15 2 0
48 15 3 0
48 15 4 3
48 15 5 1
48 15 6 2
48 15 7 4
48 16 1 0
48 16 2 0
48 16 3 0
48 16 4 2
48 16 5 1
48 16 6 2
48 16 7 2
48 17 1 0
48 17 2 0
48 17 3 0
48 17 4 2
48 17 5 1
48 17 6 2
48 17 7 2
48 18 1 0
48 18 2 0
48 18 3 0
48 18 4 3
48 18 5 1
48 18 6 2
48 18 7 2
49 1 1 0
49 1 2 0
49 1 3 0
49 1 4 0
49 1 5 0
49 1 6 2
49 1 7 11
49 2 1 0
49 2 2 0
49 2 3 0
49 2 4 0
49 2 5 0
49 2 6 6
49 2 7 7
49 3 1 0
49 3 2 0
49 3 3 0
49 3 4 0
49 3 5 0
49 3 6 1
49 3 7 12
49 4 1 0
49 4 2 0
49 4 3 0
49 4 4 0
49 4 5 0
49 4 6 0
49 4 7 13
49 5 1 0
49 5 2 0
49 5 3 0
49 5 4 0
49 5 5 0
49 5 6 0
49 5 7 13
49 6 1 0
49 6 2 0
49 6 3 0
49 6 4 0
49 6 5 0
49 6 6 2
49 6 7 11
49 7 1 0
49 7 2 0
49 7 3 0
49 7 4 0
49 7 5 0
49 7 6 0
49 7 7 13
49 8 1 0
49 8 2 0
49 8 3 0
49 8 4 0
49 8 5 0
49 8 6 1
49 8 7 12
49 9 1 0
49 9 2 0
49 9 3 0
49 9 4 0
49 9 5 0
49 9 6 2
49 9 7 11
49 10 1 0
49 10 2 0
49 10 3 0
49 10 4 0
49 10 5 0
49 10 6 0
49 10 7 13
49 11 1 0
49 11 2 0
49 11 3 0
49 11 4 0
49 11 5 0
49 11 6 1
49 11 7 12
49 12 1 0
49 12 2 0
49 12 3 0
49 12 4 0
49 12 5 0
49 12 6 1
49 12 7 12
49 13 1 0
49 13 2 0
49 13 3 0
49 13 4 0
49 13 5 2
49 13 6 2
49 13 7 9
49 14 1 0
49 14 2 0
49 14 3 0
49 14 4 0
49 14 5 0
49 14 6 1
49 14 7 12
49 15 1 0
49 15 2 0
49 15 3 0
49 15 4 0
49 15 5 0
49 15 6 1
49 15 7 12
49 16 1 0
49 16 2 0
49 16 3 0
49 16 4 0
49 16 5 0
49 16 6 0
49 16 7 13
49 17 1 0
49 17 2 0
49 17 3 0
49 17 4 0
49 17 5 0
49 17 6 3
49 17 7 10
49 18 1 0
49 18 2 0
49 18 3 0
49 18 4 0
49 18 5 1
49 18 6 1
49 18 7 10
50 1 1 0
50 1 2 0
50 1 3 0
50 1 4 0
50 1 5 0
50 1 6 1
50 1 7 13
50 2 1 0
50 2 2 0
50 2 3 0
50 2 4 0
50 2 5 1
50 2 6 3
50 2 7 10
50 3 1 0
50 3 2 0
50 3 3 0
50 3 4 0
50 3 5 1
50 3 6 0
50 3 7 12
50 4 1 0
50 4 2 0
50 4 3 0
50 4 4 0
50 4 5 0
50 4 6 3
50 4 7 11
50 5 1 0
50 5 2 0
50 5 3 0
50 5 4 0
50 5 5 0
50 5 6 0
50 5 7 14
50 6 1 0
50 6 2 0
50 6 3 0
50 6 4 0
50 6 5 0
50 6 6 0
50 6 7 14
50 7 1 0
50 7 2 0
50 7 3 0
50 7 4 0
50 7 5 1
50 7 6 2
50 7 7 11
50 8 1 0
50 8 2 0
50 8 3 0
50 8 4 0
50 8 5 0
50 8 6 1
50 8 7 13
50 9 1 0
50 9 2 0
50 9 3 0
50 9 4 0
50 9 5 0
50 9 6 1
50 9 7 13
50 10 1 0
50 10 2 0
50 10 3 0
50 10 4 0
50 10 5 0
50 10 6 0
50 10 7 14
50 11 1 0
50 11 2 0
50 11 3 0
50 11 4 0
50 11 5 0
50 11 6 0
50 11 7 14
50 12 1 0
50 12 2 0
50 12 3 0
50 12 4 0
50 12 5 0
50 12 6 1
50 12 7 13
50 13 1 0
50 13 2 0
50 13 3 0
50 13 4 1
50 13 5 1
50 13 6 2
50 13 7 9
50 14 1 0
50 14 2 0
50 14 3 0
50 14 4 0
50 14 5 0
50 14 6 1
50 14 7 12
50 15 1 0
50 15 2 0
50 15 3 0
50 15 4 0
50 15 5 0
50 15 6 2
50 15 7 12
50 16 1 0
50 16 2 0
50 16 3 0
50 16 4 0
50 16 5 0
50 16 6 0
50 16 7 14
50 17 1 0
50 17 2 0
50 17 3 0
50 17 4 0
50 17 5 0
50 17 6 1
50 17 7 13
50 18 1 0
50 18 2 0
50 18 3 0
50 18 4 0
50 18 5 0
50 18 6 3
50 18 7 11
51 1 1 0
51 1 2 0
51 1 3 0
51 1 4 0
51 1 5 0
51 1 6 0
51 1 7 12
51 2 1 0
51 2 2 0
51 2 3 0
51 2 4 1
51 2 5 0
51 2 6 2
51 2 7 9
51 3 1 0
51 3 2 0
51 3 3 0
51 3 4 0
51 3 5 0
51 3 6 0
51 3 7 12
51 4 1 0
51 4 2 0
51 4 3 0
51 4 4 0
51 4 5 0
51 4 6 0
51 4 7 12
51 5 1 0
51 5 2 0
51 5 3 0
51 5 4 0
51 5 5 0
51 5 6 1
51 5 7 11
51 6 1 0
51 6 2 0
51 6 3 0
51 6 4 0
51 6 5 0
51 6 6 0
51 6 7 12
51 7 1 0
51 7 2 0
51 7 3 0
51 7 4 0
51 7 5 0
51 7 6 1
51 7 7 11
51 8 1 0
51 8 2 0
51 8 3 0
51 8 4 0
51 8 5 0
51 8 6 1
51 8 7 11
51 9 1 0
51 9 2 0
51 9 3 0
51 9 4 0
51 9 5 0
51 9 6 1
51 9 7 11
51 10 1 0
51 10 2 0
51 10 3 0
51 10 4 0
51 10 5 0
51 10 6 0
51 10 7 12
51 11 1 0
51 11 2 0
51 11 3 0
51 11 4 0
51 11 5 0
51 11 6 0
51 11 7 12
51 12 1 0
51 12 2 0
51 12 3 0
51 12 4 0
51 12 5 0
51 12 6 1
51 12 7 10
51 13 1 0
51 13 2 0
51 13 3 0
51 13 4 0
51 13 5 1
51 13 6 3
51 13 7 7
51 14 1 0
51 14 2 0
51 14 3 0
51 14 4 0
51 14 5 1
51 14 6 0
51 14 7 10
51 15 1 0
51 15 2 0
51 15 3 0
51 15 4 0
51 15 5 0
51 15 6 0
51 15 7 11
51 16 1 0
51 16 2 0
51 16 3 0
51 16 4 0
51 16 5 0
51 16 6 0
51 16 7 12
51 17 1 0
51 17 2 0
51 17 3 0
51 17 4 0
51 17 5 0
51 17 6 1
51 17 7 11
51 18 1 0
51 18 2 0
51 18 3 0
51 18 4 0
51 18 5 0
51 18 6 0
51 18 7 12
52 1 1 12
52 1 2 9
52 1 3 12
52 1 4 52
52 1 5 23
52 1 6 43
52 1 7 40
52 2 1 11
52 2 2 11
52 2 3 17
52 2 4 39
52 2 5 22
52 2 6 40
52 2 7 53
52 3 1 13
52 3 2 14
52 3 3 21
52 3 4 46
52 3 5 26
52 3 6 31
52 3 7 41
52 4 1 15
52 4 2 20
52 4 3 14
52 4 4 54
52 4 5 23
52 4 6 31
52 4 7 35
52 5 1 11
52 5 2 13
52 5 3 10
52 5 4 50
52 5 5 27
52 5 6 36
52 5 7 44
52 6 1 9
52 6 2 7
52 6 3 9
52 6 4 37
52 6 5 20
52 6 6 52
52 6 7 59
52 7 1 18
52 7 2 16
52 7 3 19
52 7 4 42
52 7 5 30
52 7 6 34
52 7 7 31
52 8 1 11
52 8 2 11
52 8 3 9
52 8 4 42
52 8 5 25
52 8 6 34
52 8 7 35
52 9 1 9
52 9 2 11
52 9 3 12
52 9 4 54
52 9 5 21
52 9 6 41
52 9 7 38
52 10 1 11
52 10 2 10
52 10 3 16
52 10 4 51
52 10 5 30
52 10 6 43
52 10 7 32
52 11 1 24
52 11 2 16
52 11 3 13
52 11 4 46
52 11 5 30
52 11 6 38
52 11 7 25
52 12 1 15
52 12 2 10
52 12 3 12
52 12 4 49
52 12 5 27
52 12 6 35
52 12 7 33
52 13 1 12
52 13 2 12
52 13 3 13
52 13 4 68
52 13 5 33
52 13 6 30
52 13 7 22
52 14 1 11
52 14 2 6
52 14 3 9
52 14 4 50
52 14 5 26
52 14 6 34
52 14 7 45
52 15 1 16
52 15 2 20
52 15 3 8
52 15 4 55
52 15 5 29
52 15 6 32
52 15 7 29
52 16 1 7
52 16 2 9
52 16 3 5
52 16 4 52
52 16 5 25
52 16 6 27
52 16 7 66
52 17 1 6
52 17 2 4
52 17 3 10
52 17 4 40
52 17 5 23
52 17 6 33
52 17 7 50
52 18 1 5
52 18 2 10
52 18 3 14
52 18 4 56
52 18 5 23
52 18 6 28
52 18 7 40
53 1 1 13
53 1 2 8
53 1 3 9
53 1 4 47
53 1 5 38
53 1 6 31
53 1 7 54
53 2 1 12
53 2 2 9
53 2 3 5
53 2 4 43
53 2 5 33
53 2 6 36
53 2 7 62
53 3 1 14
53 3 2 13
53 3 3 12
53 3 4 45
53 3 5 36
53 3 6 35
53 3 7 43
53 4 1 16
53 4 2 15
53 4 3 23
53 4 4 61
53 4 5 23
53 4 6 21
53 4 7 41
53 5 1 8
53 5 2 9
53 5 3 10
53 5 4 51
53 5 5 29
53 5 6 34
53 5 7 54
53 6 1 9
53 6 2 5
53 6 3 9
53 6 4 37
53 6 5 35
53 6 6 34
53 6 7 67
53 7 1 22
53 7 2 10
53 7 3 19
53 7 4 54
53 7 5 37
53 7 6 20
53 7 7 36
53 8 1 11
53 8 2 7
53 8 3 9
53 8 4 40
53 8 5 34
53 8 6 37
53 8 7 36
53 9 1 9
53 9 2 7
53 9 3 6
53 9 4 52
53 9 5 26
53 9 6 52
53 9 7 44
53 10 1 10
53 10 2 13
53 10 3 12
53 10 4 51
53 10 5 31
53 10 6 42
53 10 7 39
53 11 1 19
53 11 2 17
53 11 3 16
53 11 4 72
53 11 5 24
53 11 6 22
53 11 7 27
53 12 1 19
53 12 2 17
53 12 3 9
53 12 4 45
53 12 5 32
53 12 6 30
53 12 7 31
53 13 1 15
53 13 2 20
53 13 3 15
53 13 4 59
53 13 5 29
53 13 6 25
53 13 7 30
53 14 1 10
53 14 2 8
53 14 3 9
53 14 4 38
53 14 5 26
53 14 6 43
53 14 7 50
53 15 1 16
53 15 2 11
53 15 3 18
53 15 4 43
53 15 5 41
53 15 6 35
53 15 7 30
53 16 1 7
53 16 2 8
53 16 3 11
53 16 4 43
53 16 5 33
53 16 6 44
53 16 7 48
53 17 1 10
53 17 2 5
53 17 3 12
53 17 4 38
53 17 5 25
53 17 6 36
53 17 7 45
53 18 1 10
53 18 2 8
53 18 3 15
53 18 4 48
53 18 5 39
53 18 6 19
53 18 7 32
54 1 1 3
54 1 2 2
54 1 3 7
54 1 4 17
54 1 5 12
54 1 6 10
54 1 7 18
54 2 1 3
54 2 2 5
54 2 3 9
54 2 4 10
54 2 5 15
54 2 6 10
54 2 7 17
54 3 1 3
54 3 2 4
54 3 3 6
54 3 4 17
54 3 5 13
54 3 6 7
54 3 7 18
54 4 1 5
54 4 2 6
54 4 3 9
54 4 4 14
54 4 5 12
54 4 6 7
54 4 7 15
54 5 1 4
54 5 2 4
54 5 3 4
54 5 4 17
54 5 5 10
54 5 6 6
54 5 7 23
54 6 1 2
54 6 2 3
54 6 3 5
54 6 4 12
54 6 5 10
54 6 6 11
54 6 7 25
54 7 1 7
54 7 2 6
54 7 3 4
54 7 4 14
54 7 5 13
54 7 6 10
54 7 7 14
54 8 1 3
54 8 2 1
54 8 3 10
54 8 4 20
54 8 5 11
54 8 6 3
54 8 7 13
54 9 1 2
54 9 2 3
54 9 3 5
54 9 4 19
54 9 5 15
54 9 6 7
54 9 7 15
54 10 1 3
54 10 2 2
54 10 3 6
54 10 4 18
54 10 5 13
54 10 6 11
54 10 7 16
54 11 1 6
54 11 2 8
54 11 3 6
54 11 4 15
54 11 5 13
54 11 6 9
54 11 7 12
54 12 1 11
54 12 2 5
54 12 3 9
54 12 4 15
54 12 5 10
54 12 6 3
54 12 7 12
54 13 1 6
54 13 2 5
54 13 3 11
54 13 4 16
54 13 5 8
54 13 6 10
54 13 7 10
54 14 1 14
54 14 2 7
54 14 3 4
54 14 4 19
54 14 5 8
54 14 6 5
54 14 7 7
54 15 1 8
54 15 2 3
54 15 3 5
54 15 4 21
54 15 5 11
54 15 6 6
54 15 7 12
54 16 1 3
54 16 2 1
54 16 3 6
54 16 4 15
54 16 5 9
54 16 6 12
54 16 7 23
54 17 1 2
54 17 2 3
54 17 3 5
54 17 4 16
54 17 5 9
54 17 6 12
54 17 7 15
54 18 1 3
54 18 2 6
54 18 3 7
54 18 4 17
54 18 5 9
54 18 6 9
54 18 7 12
55 1 1 4
55 1 2 6
55 1 3 12
55 1 4 19
55 1 5 22
55 1 6 26
55 1 7 27
55 2 1 4
55 2 2 10
55 2 3 9
55 2 4 18
55 2 5 25
55 2 6 20
55 2 7 29
55 3 1 3
55 3 2 7
55 3 3 8
55 3 4 22
55 3 5 17
55 3 6 27
55 3 7 28
55 4 1 7
55 4 2 10
55 4 3 11
55 4 4 17
55 4 5 21
55 4 6 24
55 4 7 26
55 5 1 1
55 5 2 6
55 5 3 12
55 5 4 20
55 5 5 15
55 5 6 31
55 5 7 29
55 6 1 3
55 6 2 2
55 6 3 7
55 6 4 17
55 6 5 18
55 6 6 26
55 6 7 43
55 7 1 5
55 7 2 11
55 7 3 6
55 7 4 22
55 7 5 21
55 7 6 25
55 7 7 23
55 8 1 4
55 8 2 6
55 8 3 4
55 8 4 23
55 8 5 16
55 8 6 16
55 8 7 22
55 9 1 2
55 9 2 5
55 9 3 11
55 9 4 23
55 9 5 18
55 9 6 28
55 9 7 26
55 10 1 4
55 10 2 7
55 10 3 6
55 10 4 21
55 10 5 20
55 10 6 34
55 10 7 23
55 11 1 9
55 11 2 11
55 11 3 5
55 11 4 32
55 11 5 18
55 11 6 20
55 11 7 18
55 12 1 11
55 12 2 12
55 12 3 8
55 12 4 24
55 12 5 13
55 12 6 14
55 12 7 22
55 13 1 7
55 13 2 12
55 13 3 10
55 13 4 30
55 13 5 16
55 13 6 20
55 13 7 17
55 14 1 8
55 14 2 6
55 14 3 13
55 14 4 26
55 14 5 14
55 14 6 22
55 14 7 19
55 15 1 6
55 15 2 11
55 15 3 7
55 15 4 28
55 15 5 18
55 15 6 20
55 15 7 22
55 16 1 2
55 16 2 7
55 16 3 8
55 16 4 21
55 16 5 18
55 16 6 20
55 16 7 38
55 17 1 1
55 17 2 5
55 17 3 8
55 17 4 21
55 17 5 15
55 17 6 22
55 17 7 25
55 18 1 2
55 18 2 10
55 18 3 9
55 18 4 25
55 18 5 14
55 18 6 17
55 18 7 23
56 1 1 4
56 1 2 4
56 1 3 5
56 1 4 28
56 1 5 25
56 1 6 14
56 1 7 18
56 2 1 4
56 2 2 2
56 2 3 7
56 2 4 22
56 2 5 19
56 2 6 19
56 2 7 25
56 3 1 5
56 3 2 4
56 3 3 4
56 3 4 31
56 3 5 22
56 3 6 14
56 3 7 17
56 4 1 10
56 4 2 7
56 4 3 9
56 4 4 34
56 4 5 15
56 4 6 11
56 4 7 12
56 5 1 3
56 5 2 2
56 5 3 4
56 5 4 29
56 5 5 21
56 5 6 21
56 5 7 18
56 6 1 1
56 6 2 2
56 6 3 1
56 6 4 26
56 6 5 19
56 6 6 23
56 6 7 26
56 7 1 8
56 7 2 5
56 7 3 11
56 7 4 31
56 7 5 16
56 7 6 13
56 7 7 14
56 8 1 2
56 8 2 11
56 8 3 5
56 8 4 20
56 8 5 17
56 8 6 11
56 8 7 15
56 9 1 1
56 9 2 2
56 9 3 7
56 9 4 33
56 9 5 19
56 9 6 15
56 9 7 20
56 10 1 4
56 10 2 4
56 10 3 8
56 10 4 30
56 10 5 21
56 10 6 19
56 10 7 12
56 11 1 13
56 11 2 6
56 11 3 8
56 11 4 32
56 11 5 16
56 11 6 11
56 11 7 11
56 12 1 15
56 12 2 8
56 12 3 8
56 12 4 21
56 12 5 11
56 12 6 11
56 12 7 10
56 13 1 10
56 13 2 9
56 13 3 12
56 13 4 24
56 13 5 18
56 13 6 12
56 13 7 10
56 14 1 7
56 14 2 8
56 14 3 6
56 14 4 29
56 14 5 11
56 14 6 14
56 14 7 9
56 15 1 7
56 15 2 7
56 15 3 10
56 15 4 27
56 15 5 16
56 15 6 15
56 15 7 15
56 16 1 2
56 16 2 4
56 16 3 5
56 16 4 22
56 16 5 21
56 16 6 16
56 16 7 28
56 17 1 1
56 17 2 3
56 17 3 3
56 17 4 19
56 17 5 18
56 17 6 20
56 17 7 22
56 18 1 3
56 18 2 6
56 18 3 6
56 18 4 28
56 18 5 20
56 18 6 11
56 18 7 14
57 1 1 4
57 1 2 5
57 1 3 12
57 1 4 43
57 1 5 37
57 1 6 42
57 1 7 59
57 2 1 10
57 2 2 9
57 2 3 7
57 2 4 42
57 2 5 34
57 2 6 39
57 2 7 63
57 3 1 14
57 3 2 8
57 3 3 13
57 3 4 53
57 3 5 34
57 3 6 41
57 3 7 40
57 4 1 17
57 4 2 14
57 4 3 16
57 4 4 51
57 4 5 35
57 4 6 38
57 4 7 33
57 5 1 8
57 5 2 12
57 5 3 13
57 5 4 35
57 5 5 38
57 5 6 53
57 5 7 44
57 6 1 4
57 6 2 9
57 6 3 8
57 6 4 37
57 6 5 30
57 6 6 59
57 6 7 56
57 7 1 17
57 7 2 13
57 7 3 15
57 7 4 49
57 7 5 38
57 7 6 36
57 7 7 31
57 8 1 7
57 8 2 7
57 8 3 8
57 8 4 44
57 8 5 34
57 8 6 38
57 8 7 38
57 9 1 5
57 9 2 7
57 9 3 14
57 9 4 35
57 9 5 43
57 9 6 47
57 9 7 47
57 10 1 10
57 10 2 11
57 10 3 12
57 10 4 37
57 10 5 44
57 10 6 50
57 10 7 37
57 11 1 25
57 11 2 17
57 11 3 15
57 11 4 47
57 11 5 34
57 11 6 39
57 11 7 25
57 12 1 23
57 12 2 17
57 12 3 18
57 12 4 45
57 12 5 23
57 12 6 35
57 12 7 24
57 13 1 18
57 13 2 15
57 13 3 19
57 13 4 49
57 13 5 37
57 13 6 33
57 13 7 27
57 14 1 14
57 14 2 11
57 14 3 16
57 14 4 50
57 14 5 28
57 14 6 35
57 14 7 23
57 15 1 18
57 15 2 14
57 15 3 9
57 15 4 43
57 15 5 42
57 15 6 39
57 15 7 28
57 16 1 9
57 16 2 7
57 16 3 7
57 16 4 43
57 16 5 39
57 16 6 51
57 16 7 44
57 17 1 6
57 17 2 4
57 17 3 3
57 17 4 41
57 17 5 31
57 17 6 47
57 17 7 50
57 18 1 12
57 18 2 10
57 18 3 10
57 18 4 44
57 18 5 31
57 18 6 43
57 18 7 36
58 1 1 13
58 1 2 12
58 1 3 12
58 1 4 82
58 1 5 42
58 1 6 41
58 1 7 43
58 2 1 9
58 2 2 15
58 2 3 16
58 2 4 65
58 2 5 48
58 2 6 43
58 2 7 49
58 3 1 12
58 3 2 17
58 3 3 8
58 3 4 74
58 3 5 55
58 3 6 37
58 3 7 38
58 4 1 18
58 4 2 26
58 4 3 32
58 4 4 69
58 4 5 45
58 4 6 23
58 4 7 28
58 5 1 7
58 5 2 14
58 5 3 23
58 5 4 71
58 5 5 47
58 5 6 34
58 5 7 43
58 6 1 6
58 6 2 10
58 6 3 9
58 6 4 55
58 6 5 51
58 6 6 45
58 6 7 67
58 7 1 25
58 7 2 19
58 7 3 18
58 7 4 76
58 7 5 49
58 7 6 24
58 7 7 29
58 8 1 6
58 8 2 9
58 8 3 12
58 8 4 61
58 8 5 34
58 8 6 51
58 8 7 38
58 9 1 7
58 9 2 9
58 9 3 15
58 9 4 68
58 9 5 42
58 9 6 56
58 9 7 45
58 10 1 13
58 10 2 10
58 10 3 23
58 10 4 84
58 10 5 39
58 10 6 45
58 10 7 28
58 11 1 38
58 11 2 23
58 11 3 23
58 11 4 78
58 11 5 33
58 11 6 26
58 11 7 17
58 12 1 17
58 12 2 18
58 12 3 18
58 12 4 67
58 12 5 43
58 12 6 42
58 12 7 34
58 13 1 24
58 13 2 27
58 13 3 27
58 13 4 71
58 13 5 37
58 13 6 31
58 13 7 25
58 14 1 9
58 14 2 6
58 14 3 25
58 14 4 60
58 14 5 44
58 14 6 46
58 14 7 47
58 15 1 23
58 15 2 20
58 15 3 21
58 15 4 67
58 15 5 36
58 15 6 40
58 15 7 34
58 16 1 6
58 16 2 7
58 16 3 17
58 16 4 41
58 16 5 38
58 16 6 51
58 16 7 82
58 17 1 3
58 17 2 9
58 17 3 9
58 17 4 40
58 17 5 36
58 17 6 45
58 17 7 56
58 18 1 10
58 18 2 15
58 18 3 25
58 18 4 67
58 18 5 38
58 18 6 39
58 18 7 43
59 1 1 6
59 1 2 8
59 1 3 13
59 1 4 63
59 1 5 47
59 1 6 40
59 1 7 50
59 2 1 5
59 2 2 7
59 2 3 16
59 2 4 50
59 2 5 40
59 2 6 47
59 2 7 58
59 3 1 10
59 3 2 14
59 3 3 16
59 3 4 57
59 3 5 43
59 3 6 48
59 3 7 37
59 4 1 15
59 4 2 18
59 4 3 21
59 4 4 63
59 4 5 36
59 4 6 37
59 4 7 34
59 5 1 7
59 5 2 7
59 5 3 16
59 5 4 51
59 5 5 44
59 5 6 45
59 5 7 50
59 6 1 5
59 6 2 5
59 6 3 12
59 6 4 45
59 6 5 37
59 6 6 46
59 6 7 72
59 7 1 12
59 7 2 14
59 7 3 16
59 7 4 64
59 7 5 48
59 7 6 36
59 7 7 31
59 8 1 4
59 8 2 7
59 8 3 14
59 8 4 52
59 8 5 35
59 8 6 43
59 8 7 34
59 9 1 8
59 9 2 10
59 9 3 16
59 9 4 57
59 9 5 41
59 9 6 47
59 9 7 43
59 10 1 6
59 10 2 8
59 10 3 15
59 10 4 50
59 10 5 53
59 10 6 51
59 10 7 40
59 11 1 14
59 11 2 18
59 11 3 24
59 11 4 56
59 11 5 48
59 11 6 32
59 11 7 31
59 12 1 13
59 12 2 18
59 12 3 13
59 12 4 63
59 12 5 35
59 12 6 33
59 12 7 32
59 13 1 16
59 13 2 27
59 13 3 21
59 13 4 69
59 13 5 33
59 13 6 27
59 13 7 21
59 14 1 11
59 14 2 9
59 14 3 15
59 14 4 55
59 14 5 28
59 14 6 47
59 14 7 40
59 15 1 15
59 15 2 14
59 15 3 19
59 15 4 59
59 15 5 48
59 15 6 40
59 15 7 28
59 16 1 6
59 16 2 8
59 16 3 19
59 16 4 43
59 16 5 46
59 16 6 44
59 16 7 56
59 17 1 5
59 17 2 9
59 17 3 12
59 17 4 39
59 17 5 36
59 17 6 43
59 17 7 45
59 18 1 10
59 18 2 15
59 18 3 15
59 18 4 51
59 18 5 43
59 18 6 38
59 18 7 33
60 1 1 4
60 1 2 9
60 1 3 14
60 1 4 31
60 1 5 29
60 1 6 35
60 1 7 38
60 2 1 6
60 2 2 5
60 2 3 16
60 2 4 30
60 2 5 29
60 2 6 32
60 2 7 43
60 3 1 13
60 3 2 5
60 3 3 12
60 3 4 40
60 3 5 21
60 3 6 34
60 3 7 35
60 4 1 9
60 4 2 10
60 4 3 22
60 4 4 45
60 4 5 18
60 4 6 29
60 4 7 27
60 5 1 6
60 5 2 6
60 5 3 10
60 5 4 32
60 5 5 31
60 5 6 41
60 5 7 34
60 6 1 5
60 6 2 4
60 6 3 8
60 6 4 26
60 6 5 25
60 6 6 42
60 6 7 50
60 7 1 12
60 7 2 7
60 7 3 19
60 7 4 32
60 7 5 32
60 7 6 30
60 7 7 25
60 8 1 4
60 8 2 9
60 8 3 13
60 8 4 39
60 8 5 26
60 8 6 22
60 8 7 25
60 9 1 5
60 9 2 5
60 9 3 12
60 9 4 40
60 9 5 32
60 9 6 32
60 9 7 29
60 10 1 7
60 10 2 5
60 10 3 15
60 10 4 37
60 10 5 32
60 10 6 39
60 10 7 26
60 11 1 16
60 11 2 12
60 11 3 9
60 11 4 47
60 11 5 27
60 11 6 21
60 11 7 25
60 12 1 16
60 12 2 14
60 12 3 15
60 12 4 38
60 12 5 20
60 12 6 20
60 12 7 21
60 13 1 15
60 13 2 13
60 13 3 20
60 13 4 40
60 13 5 25
60 13 6 21
60 13 7 25
60 14 1 10
60 14 2 16
60 14 3 18
60 14 4 35
60 14 5 20
60 14 6 26
60 14 7 19
60 15 1 14
60 15 2 13
60 15 3 11
60 15 4 30
60 15 5 31
60 15 6 25
60 15 7 31
60 16 1 6
60 16 2 6
60 16 3 6
60 16 4 31
60 16 5 29
60 16 6 26
60 16 7 52
60 17 1 5
60 17 2 4
60 17 3 12
60 17 4 21
60 17 5 25
60 17 6 33
60 17 7 39
60 18 1 6
60 18 2 6
60 18 3 16
60 18 4 43
60 18 5 25
60 18 6 23
60 18 7 26
61 1 1 17
61 1 2 8
61 1 3 13
61 1 4 51
61 1 5 27
61 1 6 20
61 1 7 31
61 2 1 20
61 2 2 9
61 2 3 16
61 2 4 48
61 2 5 17
61 2 6 15
61 2 7 39
61 3 1 20
61 3 2 12
61 3 3 22
61 3 4 43
61 3 5 16
61 3 6 20
61 3 7 31
61 4 1 25
61 4 2 17
61 4 3 19
61 4 4 41
61 4 5 22
61 4 6 16
61 4 7 25
61 5 1 10
61 5 2 17
61 5 3 13
61 5 4 44
61 5 5 24
61 5 6 20
61 5 7 35
61 6 1 9
61 6 2 9
61 6 3 7
61 6 4 36
61 6 5 30
61 6 6 28
61 6 7 45
61 7 1 26
61 7 2 12
61 7 3 26
61 7 4 44
61 7 5 19
61 7 6 18
61 7 7 21
61 8 1 10
61 8 2 5
61 8 3 18
61 8 4 38
61 8 5 23
61 8 6 21
61 8 7 28
61 9 1 10
61 9 2 11
61 9 3 11
61 9 4 40
61 9 5 29
61 9 6 35
61 9 7 26
61 10 1 17
61 10 2 13
61 10 3 13
61 10 4 50
61 10 5 19
61 10 6 27
61 10 7 26
61 11 1 34
61 11 2 17
61 11 3 15
61 11 4 53
61 11 5 14
61 11 6 13
61 11 7 20
61 12 1 30
61 12 2 16
61 12 3 18
61 12 4 39
61 12 5 14
61 12 6 11
61 12 7 27
61 13 1 22
61 13 2 12
61 13 3 19
61 13 4 52
61 13 5 22
61 13 6 12
61 13 7 23
61 14 1 16
61 14 2 11
61 14 3 19
61 14 4 43
61 14 5 18
61 14 6 19
61 14 7 23
61 15 1 19
61 15 2 19
61 15 3 16
61 15 4 47
61 15 5 19
61 15 6 23
61 15 7 22
61 16 1 10
61 16 2 9
61 16 3 13
61 16 4 42
61 16 5 22
61 16 6 21
61 16 7 48
61 17 1 9
61 17 2 6
61 17 3 12
61 17 4 31
61 17 5 24
61 17 6 24
61 17 7 40
61 18 1 17
61 18 2 10
61 18 3 12
61 18 4 42
61 18 5 19
61 18 6 14
61 18 7 33
62 1 1 0
62 1 2 0
62 1 3 0
62 1 4 10
62 1 5 12
62 1 6 16
62 1 7 51
62 2 1 0
62 2 2 0
62 2 3 1
62 2 4 9
62 2 5 16
62 2 6 13
62 2 7 50
62 3 1 0
62 3 2 0
62 3 3 1
62 3 4 8
62 3 5 14
62 3 6 16
62 3 7 50
62 4 1 0
62 4 2 0
62 4 3 1
62 4 4 17
62 4 5 11
62 4 6 11
62 4 7 49
62 5 1 0
62 5 2 0
62 5 3 2
62 5 4 9
62 5 5 14
62 5 6 16
62 5 7 47
62 6 1 0
62 6 2 0
62 6 3 0
62 6 4 8
62 6 5 9
62 6 6 18
62 6 7 54
62 7 1 0
62 7 2 0
62 7 3 2
62 7 4 13
62 7 5 12
62 7 6 19
62 7 7 42
62 8 1 0
62 8 2 0
62 8 3 0
62 8 4 9
62 8 5 14
62 8 6 9
62 8 7 48
62 9 1 0
62 9 2 0
62 9 3 0
62 9 4 10
62 9 5 12
62 9 6 20
62 9 7 45
62 10 1 0
62 10 2 0
62 10 3 1
62 10 4 6
62 10 5 16
62 10 6 19
62 10 7 46
62 11 1 0
62 11 2 0
62 11 3 2
62 11 4 10
62 11 5 11
62 11 6 19
62 11 7 47
62 12 1 0
62 12 2 3
62 12 3 1
62 12 4 18
62 12 5 16
62 12 6 12
62 12 7 38
62 13 1 0
62 13 2 2
62 13 3 2
62 13 4 16
62 13 5 22
62 13 6 8
62 13 7 38
62 14 1 0
62 14 2 0
62 14 3 2
62 14 4 13
62 14 5 15
62 14 6 17
62 14 7 41
62 15 1 0
62 15 2 1
62 15 3 4
62 15 4 20
62 15 5 14
62 15 6 8
62 15 7 38
62 16 1 0
62 16 2 0
62 16 3 1
62 16 4 11
62 16 5 9
62 16 6 18
62 16 7 50
62 17 1 0
62 17 2 0
62 17 3 1
62 17 4 12
62 17 5 11
62 17 6 13
62 17 7 41
62 18 1 0
62 18 2 2
62 18 3 2
62 18 4 15
62 18 5 11
62 18 6 14
62 18 7 41
63 1 1 0
63 1 2 0
63 1 3 0
63 1 4 4
63 1 5 10
63 1 6 11
63 1 7 15
63 2 1 0
63 2 2 2
63 2 3 0
63 2 4 5
63 2 5 7
63 2 6 10
63 2 7 15
63 3 1 0
63 3 2 1
63 3 3 2
63 3 4 7
63 3 5 6
63 3 6 10
63 3 7 14
63 4 1 0
63 4 2 0
63 4 3 1
63 4 4 5
63 4 5 7
63 4 6 12
63 4 7 15
63 5 1 0
63 5 2 0
63 5 3 0
63 5 4 4
63 5 5 6
63 5 6 13
63 5 7 17
63 6 1 0
63 6 2 0
63 6 3 0
63 6 4 0
63 6 5 4
63 6 6 14
63 6 7 22
63 7 1 0
63 7 2 1
63 7 3 0
63 7 4 4
63 7 5 12
63 7 6 9
63 7 7 13
63 8 1 0
63 8 2 0
63 8 3 1
63 8 4 4
63 8 5 3
63 8 6 10
63 8 7 14
63 9 1 0
63 9 2 0
63 9 3 0
63 9 4 5
63 9 5 9
63 9 6 9
63 9 7 17
63 10 1 0
63 10 2 0
63 10 3 0
63 10 4 2
63 10 5 10
63 10 6 13
63 10 7 14
63 11 1 0
63 11 2 0
63 11 3 0
63 11 4 5
63 11 5 12
63 11 6 9
63 11 7 13
63 12 1 0
63 12 2 0
63 12 3 0
63 12 4 3
63 12 5 6
63 12 6 5
63 12 7 9
63 13 1 1
63 13 2 1
63 13 3 5
63 13 4 11
63 13 5 6
63 13 6 4
63 13 7 11
63 14 1 0
63 14 2 0
63 14 3 0
63 14 4 2
63 14 5 6
63 14 6 9
63 14 7 22
63 15 1 1
63 15 2 1
63 15 3 2
63 15 4 6
63 15 5 10
63 15 6 8
63 15 7 11
63 16 1 0
63 16 2 0
63 16 3 0
63 16 4 0
63 16 5 4
63 16 6 6
63 16 7 30
63 17 1 0
63 17 2 0
63 17 3 0
63 17 4 6
63 17 5 3
63 17 6 10
63 17 7 18
63 18 1 0
63 18 2 2
63 18 3 0
63 18 4 4
63 18 5 8
63 18 6 8
63 18 7 18
64 1 1 0
64 1 2 0
64 1 3 0
64 1 4 3
64 1 5 2
64 1 6 6
64 1 7 13
64 2 1 0
64 2 2 1
64 2 3 0
64 2 4 2
64 2 5 2
64 2 6 4
64 2 7 15
64 3 1 1
64 3 2 2
64 3 3 0
64 3 4 2
64 3 5 0
64 3 6 5
64 3 7 14
64 4 1 0
64 4 2 2
64 4 3 0
64 4 4 1
64 4 5 0
64 4 6 8
64 4 7 13
64 5 1 0
64 5 2 0
64 5 3 0
64 5 4 2
64 5 5 1
64 5 6 5
64 5 7 16
64 6 1 0
64 6 2 0
64 6 3 0
64 6 4 2
64 6 5 2
64 6 6 4
64 6 7 16
64 7 1 0
64 7 2 0
64 7 3 2
64 7 4 2
64 7 5 2
64 7 6 5
64 7 7 13
64 8 1 0
64 8 2 0
64 8 3 0
64 8 4 2
64 8 5 4
64 8 6 5
64 8 7 9
64 9 1 0
64 9 2 0
64 9 3 0
64 9 4 3
64 9 5 2
64 9 6 6
64 9 7 12
64 10 1 0
64 10 2 0
64 10 3 1
64 10 4 2
64 10 5 2
64 10 6 5
64 10 7 14
64 11 1 0
64 11 2 0
64 11 3 1
64 11 4 2
64 11 5 3
64 11 6 5
64 11 7 13
64 12 1 0
64 12 2 0
64 12 3 0
64 12 4 0
64 12 5 1
64 12 6 2
64 12 7 4
64 13 1 0
64 13 2 1
64 13 3 1
64 13 4 5
64 13 5 2
64 13 6 4
64 13 7 9
64 14 1 0
64 14 2 0
64 14 3 0
64 14 4 3
64 14 5 3
64 14 6 6
64 14 7 9
64 15 1 0
64 15 2 0
64 15 3 0
64 15 4 3
64 15 5 2
64 15 6 10
64 15 7 8
64 16 1 0
64 16 2 1
64 16 3 0
64 16 4 1
64 16 5 0
64 16 6 5
64 16 7 17
64 17 1 0
64 17 2 0
64 17 3 0
64 17 4 1
64 17 5 0
64 17 6 7
64 17 7 13
64 18 1 0
64 18 2 0
64 18 3 0
64 18 4 2
64 18 5 2
64 18 6 7
64 18 7 12
65 1 1 0
65 1 2 0
65 1 3 1
65 1 4 5
65 1 5 7
65 1 6 21
65 1 7 40
65 2 1 0
65 2 2 0
65 2 3 3
65 2 4 6
65 2 5 7
65 2 6 25
65 2 7 33
65 3 1 0
65 3 2 1
65 3 3 4
65 3 4 13
65 3 5 7
65 3 6 20
65 3 7 28
65 4 1 0
65 4 2 0
65 4 3 1
65 4 4 5
65 4 5 7
65 4 6 21
65 4 7 40
65 5 1 0
65 5 2 0
65 5 3 1
65 5 4 5
65 5 5 6
65 5 6 28
65 5 7 31
65 6 1 0
65 6 2 0
65 6 3 1
65 6 4 1
65 6 5 9
65 6 6 17
65 6 7 46
65 7 1 1
65 7 2 1
65 7 3 5
65 7 4 9
65 7 5 11
65 7 6 18
65 7 7 28
65 8 1 1
65 8 2 0
65 8 3 0
65 8 4 7
65 8 5 8
65 8 6 15
65 8 7 24
65 9 1 0
65 9 2 0
65 9 3 0
65 9 4 6
65 9 5 8
65 9 6 27
65 9 7 32
65 10 1 1
65 10 2 0
65 10 3 0
65 10 4 4
65 10 5 7
65 10 6 22
65 10 7 40
65 11 1 1
65 11 2 0
65 11 3 2
65 11 4 5
65 11 5 13
65 11 6 21
65 11 7 32
65 12 1 0
65 12 2 1
65 12 3 0
65 12 4 1
65 12 5 4
65 12 6 8
65 12 7 16
65 13 1 0
65 13 2 5
65 13 3 1
65 13 4 15
65 13 5 12
65 13 6 23
65 13 7 18
65 14 1 2
65 14 2 0
65 14 3 1
65 14 4 18
65 14 5 12
65 14 6 15
65 14 7 14
65 15 1 1
65 15 2 2
65 15 3 3
65 15 4 10
65 15 5 10
65 15 6 17
65 15 7 27
65 16 1 0
65 16 2 0
65 16 3 0
65 16 4 4
65 16 5 5
65 16 6 14
65 16 7 50
65 17 1 0
65 17 2 0
65 17 3 4
65 17 4 5
65 17 5 5
65 17 6 14
65 17 7 36
65 18 1 0
65 18 2 0
65 18 3 3
65 18 4 4
65 18 5 5
65 18 6 16
65 18 7 43
66 1 1 0
66 1 2 0
66 1 3 0
66 1 4 3
66 1 5 14
66 1 6 18
66 1 7 39
66 2 1 0
66 2 2 0
66 2 3 1
66 2 4 6
66 2 5 7
66 2 6 19
66 2 7 41
66 3 1 0
66 3 2 1
66 3 3 0
66 3 4 4
66 3 5 13
66 3 6 18
66 3 7 38
66 4 1 0
66 4 2 0
66 4 3 1
66 4 4 3
66 4 5 6
66 4 6 19
66 4 7 45
66 5 1 0
66 5 2 0
66 5 3 0
66 5 4 4
66 5 5 8
66 5 6 17
66 5 7 45
66 6 1 0
66 6 2 0
66 6 3 0
66 6 4 1
66 6 5 6
66 6 6 17
66 6 7 50
66 7 1 0
66 7 2 0
66 7 3 1
66 7 4 6
66 7 5 13
66 7 6 21
66 7 7 33
66 8 1 0
66 8 2 0
66 8 3 1
66 8 4 7
66 8 5 10
66 8 6 14
66 8 7 31
66 9 1 0
66 9 2 0
66 9 3 0
66 9 4 3
66 9 5 6
66 9 6 21
66 9 7 44
66 10 1 0
66 10 2 0
66 10 3 0
66 10 4 2
66 10 5 9
66 10 6 21
66 10 7 41
66 11 1 1
66 11 2 0
66 11 3 2
66 11 4 4
66 11 5 12
66 11 6 18
66 11 7 35
66 12 1 0
66 12 2 0
66 12 3 1
66 12 4 3
66 12 5 4
66 12 6 6
66 12 7 13
66 13 1 0
66 13 2 1
66 13 3 3
66 13 4 18
66 13 5 11
66 13 6 22
66 13 7 18
66 14 1 1
66 14 2 0
66 14 3 2
66 14 4 15
66 14 5 16
66 14 6 13
66 14 7 24
66 15 1 1
66 15 2 1
66 15 3 3
66 15 4 5
66 15 5 12
66 15 6 24
66 15 7 27
66 16 1 0
66 16 2 0
66 16 3 0
66 16 4 3
66 16 5 2
66 16 6 16
66 16 7 53
66 17 1 0
66 17 2 0
66 17 3 0
66 17 4 4
66 17 5 5
66 17 6 15
66 17 7 41
66 18 1 0
66 18 2 1
66 18 3 0
66 18 4 6
66 18 5 2
66 18 6 16
66 18 7 48
67 1 1 0
67 1 2 0
67 1 3 1
67 1 4 9
67 1 5 18
67 1 6 40
67 1 7 42
67 2 1 1
67 2 2 0
67 2 3 2
67 2 4 11
67 2 5 20
67 2 6 37
67 2 7 38
67 3 1 1
67 3 2 0
67 3 3 4
67 3 4 15
67 3 5 29
67 3 6 25
67 3 7 36
67 4 1 1
67 4 2 1
67 4 3 1
67 4 4 17
67 4 5 24
67 4 6 26
67 4 7 40
67 5 1 0
67 5 2 2
67 5 3 1
67 5 4 19
67 5 5 19
67 5 6 35
67 5 7 33
67 6 1 0
67 6 2 0
67 6 3 0
67 6 4 12
67 6 5 22
67 6 6 29
67 6 7 45
67 7 1 1
67 7 2 3
67 7 3 4
67 7 4 23
67 7 5 25
67 7 6 23
67 7 7 31
67 8 1 0
67 8 2 0
67 8 3 1
67 8 4 13
67 8 5 11
67 8 6 15
67 8 7 19
67 9 1 2
67 9 2 4
67 9 3 4
67 9 4 21
67 9 5 25
67 9 6 24
67 9 7 15
67 10 1 0
67 10 2 0
67 10 3 4
67 10 4 12
67 10 5 13
67 10 6 48
67 10 7 31
67 11 1 6
67 11 2 1
67 11 3 6
67 11 4 28
67 11 5 21
67 11 6 26
67 11 7 20
67 12 1 3
67 12 2 6
67 12 3 7
67 12 4 28
67 12 5 19
67 12 6 26
67 12 7 19
67 13 1 3
67 13 2 6
67 13 3 6
67 13 4 34
67 13 5 25
67 13 6 16
67 13 7 17
67 14 1 0
67 14 2 4
67 14 3 4
67 14 4 21
67 14 5 28
67 14 6 22
67 14 7 30
67 15 1 9
67 15 2 9
67 15 3 18
67 15 4 27
67 15 5 18
67 15 6 12
67 15 7 12
67 16 1 0
67 16 2 0
67 16 3 2
67 16 4 5
67 16 5 16
67 16 6 29
67 16 7 56
67 17 1 0
67 17 2 0
67 17 3 1
67 17 4 11
67 17 5 7
67 17 6 18
67 17 7 25
67 18 1 1
67 18 2 0
67 18 3 3
67 18 4 12
67 18 5 22
67 18 6 30
67 18 7 35
68 1 1 0
68 1 2 0
68 1 3 0
68 1 4 4
68 1 5 14
68 1 6 48
68 1 7 64
68 2 1 0
68 2 2 0
68 2 3 1
68 2 4 7
68 2 5 23
68 2 6 48
68 2 7 51
68 3 1 0
68 3 2 0
68 3 3 2
68 3 4 17
68 3 5 30
68 3 6 41
68 3 7 40
68 4 1 0
68 4 2 0
68 4 3 4
68 4 4 9
68 4 5 17
68 4 6 47
68 4 7 52
68 5 1 0
68 5 2 1
68 5 3 3
68 5 4 6
68 5 5 22
68 5 6 47
68 5 7 49
68 6 1 0
68 6 2 0
68 6 3 1
68 6 4 2
68 6 5 19
68 6 6 49
68 6 7 59
68 7 1 0
68 7 2 3
68 7 3 5
68 7 4 25
68 7 5 24
68 7 6 41
68 7 7 31
68 8 1 1
68 8 2 1
68 8 3 1
68 8 4 9
68 8 5 11
68 8 6 23
68 8 7 19
68 9 1 1
68 9 2 0
68 9 3 2
68 9 4 18
68 9 5 21
68 9 6 36
68 9 7 34
68 10 1 0
68 10 2 0
68 10 3 1
68 10 4 8
68 10 5 15
68 10 6 44
68 10 7 62
68 11 1 3
68 11 2 1
68 11 3 9
68 11 4 27
68 11 5 22
68 11 6 39
68 11 7 26
68 12 1 6
68 12 2 4
68 12 3 5
68 12 4 20
68 12 5 17
68 12 6 31
68 12 7 45
68 13 1 4
68 13 2 2
68 13 3 3
68 13 4 37
68 13 5 29
68 13 6 27
68 13 7 22
68 14 1 4
68 14 2 1
68 14 3 7
68 14 4 15
68 14 5 21
68 14 6 31
68 14 7 48
68 15 1 8
68 15 2 7
68 15 3 11
68 15 4 38
68 15 5 23
68 15 6 23
68 15 7 18
68 16 1 0
68 16 2 0
68 16 3 0
68 16 4 7
68 16 5 19
68 16 6 34
68 16 7 67
68 17 1 1
68 17 2 0
68 17 3 1
68 17 4 6
68 17 5 13
68 17 6 30
68 17 7 36
68 18 1 0
68 18 2 0
68 18 3 3
68 18 4 10
68 18 5 20
68 18 6 48
68 18 7 44
69 1 1 1
69 1 2 0
69 1 3 1
69 1 4 3
69 1 5 11
69 1 6 30
69 1 7 28
69 2 1 1
69 2 2 0
69 2 3 0
69 2 4 3
69 2 5 11
69 2 6 29
69 2 7 29
69 3 1 1
69 3 2 1
69 3 3 4
69 3 4 6
69 3 5 11
69 3 6 25
69 3 7 24
69 4 1 1
69 4 2 1
69 4 3 1
69 4 4 8
69 4 5 11
69 4 6 23
69 4 7 29
69 5 1 1
69 5 2 1
69 5 3 0
69 5 4 5
69 5 5 16
69 5 6 25
69 5 7 26
69 6 1 1
69 6 2 0
69 6 3 1
69 6 4 3
69 6 5 11
69 6 6 23
69 6 7 35
69 7 1 1
69 7 2 1
69 7 3 2
69 7 4 14
69 7 5 16
69 7 6 21
69 7 7 19
69 8 1 0
69 8 2 0
69 8 3 4
69 8 4 4
69 8 5 7
69 8 6 11
69 8 7 13
69 9 1 1
69 9 2 2
69 9 3 3
69 9 4 7
69 9 5 12
69 9 6 19
69 9 7 16
69 10 1 1
69 10 2 0
69 10 3 0
69 10 4 5
69 10 5 13
69 10 6 29
69 10 7 23
69 11 1 1
69 11 2 1
69 11 3 4
69 11 4 11
69 11 5 12
69 11 6 29
69 11 7 16
69 12 1 3
69 12 2 1
69 12 3 8
69 12 4 14
69 12 5 17
69 12 6 14
69 12 7 16
69 13 1 2
69 13 2 1
69 13 3 4
69 13 4 20
69 13 5 19
69 13 6 14
69 13 7 13
69 14 1 2
69 14 2 1
69 14 3 5
69 14 4 14
69 14 5 16
69 14 6 19
69 14 7 17
69 15 1 4
69 15 2 1
69 15 3 4
69 15 4 18
69 15 5 21
69 15 6 11
69 15 7 10
69 16 1 0
69 16 2 0
69 16 3 1
69 16 4 4
69 16 5 8
69 16 6 22
69 16 7 39
69 17 1 0
69 17 2 0
69 17 3 0
69 17 4 2
69 17 5 11
69 17 6 16
69 17 7 25
69 18 1 1
69 18 2 0
69 18 3 2
69 18 4 4
69 18 5 20
69 18 6 22
69 18 7 25
70 1 1 1
70 1 2 0
70 1 3 6
70 1 4 20
70 1 5 23
70 1 6 32
70 1 7 27
70 2 1 0
70 2 2 1
70 2 3 5
70 2 4 15
70 2 5 23
70 2 6 37
70 2 7 28
70 3 1 1
70 3 2 0
70 3 3 4
70 3 4 19
70 3 5 20
70 3 6 38
70 3 7 27
70 4 1 1
70 4 2 3
70 4 3 5
70 4 4 16
70 4 5 20
70 4 6 35
70 4 7 28
70 5 1 0
70 5 2 5
70 5 3 2
70 5 4 17
70 5 5 18
70 5 6 36
70 5 7 28
70 6 1 1
70 6 2 0
70 6 3 3
70 6 4 17
70 6 5 23
70 6 6 30
70 6 7 35
70 7 1 1
70 7 2 5
70 7 3 12
70 7 4 23
70 7 5 21
70 7 6 26
70 7 7 20
70 8 1 0
70 8 2 0
70 8 3 3
70 8 4 12
70 8 5 11
70 8 6 16
70 8 7 14
70 9 1 1
70 9 2 3
70 9 3 6
70 9 4 16
70 9 5 25
70 9 6 29
70 9 7 11
70 10 1 0
70 10 2 1
70 10 3 7
70 10 4 12
70 10 5 25
70 10 6 39
70 10 7 23
70 11 1 5
70 11 2 3
70 11 3 7
70 11 4 28
70 11 5 22
70 11 6 26
70 11 7 17
70 12 1 4
70 12 2 4
70 12 3 9
70 12 4 26
70 12 5 20
70 12 6 21
70 12 7 23
70 13 1 3
70 13 2 3
70 13 3 8
70 13 4 31
70 13 5 27
70 13 6 19
70 13 7 15
70 14 1 1
70 14 2 3
70 14 3 7
70 14 4 19
70 14 5 27
70 14 6 26
70 14 7 25
70 15 1 6
70 15 2 10
70 15 3 19
70 15 4 25
70 15 5 18
70 15 6 16
70 15 7 9
70 16 1 0
70 16 2 0
70 16 3 3
70 16 4 11
70 16 5 18
70 16 6 32
70 16 7 44
70 17 1 0
70 17 2 0
70 17 3 2
70 17 4 7
70 17 5 10
70 17 6 19
70 17 7 18
70 18 1 1
70 18 2 0
70 18 3 4
70 18 4 23
70 18 5 22
70 18 6 22
70 18 7 30
71 1 1 0
71 1 2 0
71 1 3 0
71 1 4 10
71 1 5 8
71 1 6 12
71 1 7 8
71 2 1 0
71 2 2 0
71 2 3 0
71 2 4 7
71 2 5 10
71 2 6 10
71 2 7 11
71 3 1 0
71 3 2 0
71 3 3 3
71 3 4 5
71 3 5 9
71 3 6 8
71 3 7 13
71 4 1 0
71 4 2 0
71 4 3 1
71 4 4 8
71 4 5 10
71 4 6 7
71 4 7 12
71 5 1 0
71 5 2 0
71 5 3 0
71 5 4 6
71 5 5 8
71 5 6 12
71 5 7 12
71 6 1 0
71 6 2 0
71 6 3 1
71 6 4 6
71 6 5 6
71 6 6 13
71 6 7 12
71 7 1 0
71 7 2 1
71 7 3 3
71 7 4 8
71 7 5 7
71 7 6 7
71 7 7 12
71 8 1 0
71 8 2 0
71 8 3 0
71 8 4 5
71 8 5 4
71 8 6 5
71 8 7 7
71 9 1 0
71 9 2 0
71 9 3 2
71 9 4 9
71 9 5 8
71 9 6 4
71 9 7 8
71 10 1 0
71 10 2 0
71 10 3 0
71 10 4 4
71 10 5 13
71 10 6 12
71 10 7 9
71 11 1 0
71 11 2 3
71 11 3 1
71 11 4 5
71 11 5 10
71 11 6 10
71 11 7 7
71 12 1 0
71 12 2 2
71 12 3 1
71 12 4 9
71 12 5 8
71 12 6 10
71 12 7 7
71 13 1 0
71 13 2 0
71 13 3 3
71 13 4 6
71 13 5 7
71 13 6 15
71 13 7 7
71 14 1 0
71 14 2 1
71 14 3 3
71 14 4 5
71 14 5 6
71 14 6 13
71 14 7 10
71 15 1 2
71 15 2 1
71 15 3 2
71 15 4 7
71 15 5 13
71 15 6 8
71 15 7 4
71 16 1 0
71 16 2 0
71 16 3 0
71 16 4 3
71 16 5 6
71 16 6 13
71 16 7 15
71 17 1 0
71 17 2 0
71 17 3 0
71 17 4 5
71 17 5 5
71 17 6 5
71 17 7 10
71 18 1 0
71 18 2 0
71 18 3 0
71 18 4 4
71 18 5 15
71 18 6 10
71 18 7 9
72 1 1 1
72 1 2 0
72 1 3 1
72 1 4 7
72 1 5 11
72 1 6 29
72 1 7 23
72 2 1 1
72 2 2 0
72 2 3 0
72 2 4 7
72 2 5 14
72 2 6 27
72 2 7 23
72 3 1 1
72 3 2 0
72 3 3 5
72 3 4 10
72 3 5 17
72 3 6 18
72 3 7 21
72 4 1 1
72 4 2 0
72 4 3 2
72 4 4 7
72 4 5 12
72 4 6 23
72 4 7 27
72 5 1 1
72 5 2 0
72 5 3 1
72 5 4 7
72 5 5 15
72 5 6 28
72 5 7 19
72 6 1 1
72 6 2 0
72 6 3 1
72 6 4 5
72 6 5 14
72 6 6 26
72 6 7 24
72 7 1 1
72 7 2 1
72 7 3 6
72 7 4 15
72 7 5 14
72 7 6 20
72 7 7 14
72 8 1 0
72 8 2 0
72 8 3 3
72 8 4 4
72 8 5 6
72 8 6 15
72 8 7 8
72 9 1 1
72 9 2 0
72 9 3 4
72 9 4 5
72 9 5 16
72 9 6 20
72 9 7 11
72 10 1 1
72 10 2 1
72 10 3 1
72 10 4 5
72 10 5 13
72 10 6 27
72 10 7 21
72 11 1 3
72 11 2 0
72 11 3 5
72 11 4 10
72 11 5 16
72 11 6 22
72 11 7 14
72 12 1 2
72 12 2 4
72 12 3 7
72 12 4 11
72 12 5 21
72 12 6 13
72 12 7 10
72 13 1 1
72 13 2 4
72 13 3 4
72 13 4 14
72 13 5 23
72 13 6 15
72 13 7 9
72 14 1 2
72 14 2 3
72 14 3 5
72 14 4 12
72 14 5 16
72 14 6 19
72 14 7 14
72 15 1 3
72 15 2 3
72 15 3 5
72 15 4 15
72 15 5 19
72 15 6 9
72 15 7 10
72 16 1 1
72 16 2 0
72 16 3 0
72 16 4 3
72 16 5 10
72 16 6 29
72 16 7 27
72 17 1 0
72 17 2 0
72 17 3 1
72 17 4 7
72 17 5 7
72 17 6 20
72 17 7 15
72 18 1 1
72 18 2 0
72 18 3 3
72 18 4 11
72 18 5 13
72 18 6 26
72 18 7 15
73 1 1 2
73 1 2 2
73 1 3 6
73 1 4 26
73 1 5 26
73 1 6 40
73 1 7 27
73 2 1 2
73 2 2 0
73 2 3 5
73 2 4 16
73 2 5 32
73 2 6 43
73 2 7 31
73 3 1 3
73 3 2 0
73 3 3 7
73 3 4 21
73 3 5 25
73 3 6 36
73 3 7 37
73 4 1 3
73 4 2 4
73 4 3 6
73 4 4 21
73 4 5 25
73 4 6 33
73 4 7 35
73 5 1 2
73 5 2 1
73 5 3 2
73 5 4 16
73 5 5 21
73 5 6 46
73 5 7 40
73 6 1 1
73 6 2 0
73 6 3 5
73 6 4 16
73 6 5 25
73 6 6 42
73 6 7 40
73 7 1 5
73 7 2 3
73 7 3 11
73 7 4 24
73 7 5 31
73 7 6 27
73 7 7 29
73 8 1 1
73 8 2 0
73 8 3 3
73 8 4 12
73 8 5 15
73 8 6 14
73 8 7 20
73 9 1 1
73 9 2 0
73 9 3 6
73 9 4 15
73 9 5 25
73 9 6 31
73 9 7 29
73 10 1 2
73 10 2 3
73 10 3 6
73 10 4 17
73 10 5 28
73 10 6 39
73 10 7 31
73 11 1 3
73 11 2 2
73 11 3 9
73 11 4 26
73 11 5 21
73 11 6 41
73 11 7 26
73 12 1 5
73 12 2 4
73 12 3 5
73 12 4 21
73 12 5 22
73 12 6 28
73 12 7 44
73 13 1 6
73 13 2 2
73 13 3 4
73 13 4 35
73 13 5 36
73 13 6 23
73 13 7 21
73 14 1 4
73 14 2 2
73 14 3 4
73 14 4 15
73 14 5 28
73 14 6 25
73 14 7 50
73 15 1 7
73 15 2 6
73 15 3 12
73 15 4 37
73 15 5 28
73 15 6 15
73 15 7 19
73 16 1 0
73 16 2 0
73 16 3 2
73 16 4 12
73 16 5 19
73 16 6 37
73 16 7 60
73 17 1 0
73 17 2 1
73 17 3 3
73 17 4 6
73 17 5 23
73 17 6 18
73 17 7 31
73 18 1 1
73 18 2 0
73 18 3 6
73 18 4 24
73 18 5 31
73 18 6 25
73 18 7 39
74 1 1 0
74 1 2 0
74 1 3 1
74 1 4 3
74 1 5 7
74 1 6 17
74 1 7 26
74 2 1 0
74 2 2 0
74 2 3 1
74 2 4 4
74 2 5 8
74 2 6 16
74 2 7 25
74 3 1 1
74 3 2 0
74 3 3 1
74 3 4 3
74 3 5 11
74 3 6 20
74 3 7 18
74 4 1 1
74 4 2 0
74 4 3 1
74 4 4 4
74 4 5 7
74 4 6 14
74 4 7 27
74 5 1 0
74 5 2 1
74 5 3 0
74 5 4 6
74 5 5 9
74 5 6 15
74 5 7 22
74 6 1 0
74 6 2 0
74 6 3 0
74 6 4 2
74 6 5 6
74 6 6 15
74 6 7 31
74 7 1 1
74 7 2 0
74 7 3 1
74 7 4 13
74 7 5 7
74 7 6 16
74 7 7 16
74 8 1 0
74 8 2 1
74 8 3 0
74 8 4 0
74 8 5 5
74 8 6 4
74 8 7 10
74 9 1 1
74 9 2 0
74 9 3 2
74 9 4 5
74 9 5 6
74 9 6 8
74 9 7 13
74 10 1 1
74 10 2 0
74 10 3 0
74 10 4 1
74 10 5 11
74 10 6 19
74 10 7 21
74 11 1 4
74 11 2 1
74 11 3 3
74 11 4 6
74 11 5 14
74 11 6 17
74 11 7 8
74 12 1 3
74 12 2 2
74 12 3 3
74 12 4 4
74 12 5 10
74 12 6 13
74 12 7 19
74 13 1 2
74 13 2 1
74 13 3 3
74 13 4 12
74 13 5 14
74 13 6 14
74 13 7 8
74 14 1 1
74 14 2 4
74 14 3 3
74 14 4 3
74 14 5 8
74 14 6 15
74 14 7 20
74 15 1 6
74 15 2 4
74 15 3 8
74 15 4 9
74 15 5 10
74 15 6 6
74 15 7 6
74 16 1 0
74 16 2 0
74 16 3 0
74 16 4 4
74 16 5 7
74 16 6 13
74 16 7 30
74 17 1 0
74 17 2 0
74 17 3 1
74 17 4 2
74 17 5 5
74 17 6 10
74 17 7 7
74 18 1 1
74 18 2 2
74 18 3 0
74 18 4 9
74 18 5 13
74 18 6 16
74 18 7 8
75 1 1 0
75 1 2 1
75 1 3 0
75 1 4 4
75 1 5 5
75 1 6 15
75 1 7 16
75 2 1 0
75 2 2 2
75 2 3 0
75 2 4 2
75 2 5 7
75 2 6 19
75 2 7 11
75 3 1 0
75 3 2 1
75 3 3 1
75 3 4 4
75 3 5 6
75 3 6 15
75 3 7 13
75 4 1 0
75 4 2 0
75 4 3 2
75 4 4 4
75 4 5 7
75 4 6 12
75 4 7 16
75 5 1 0
75 5 2 1
75 5 3 1
75 5 4 2
75 5 5 8
75 5 6 13
75 5 7 12
75 6 1 0
75 6 2 0
75 6 3 0
75 6 4 2
75 6 5 5
75 6 6 13
75 6 7 21
75 7 1 1
75 7 2 0
75 7 3 0
75 7 4 5
75 7 5 7
75 7 6 12
75 7 7 16
75 8 1 0
75 8 2 1
75 8 3 0
75 8 4 6
75 8 5 4
75 8 6 3
75 8 7 3
75 9 1 1
75 9 2 0
75 9 3 1
75 9 4 2
75 9 5 4
75 9 6 16
75 9 7 7
75 10 1 0
75 10 2 1
75 10 3 0
75 10 4 1
75 10 5 8
75 10 6 15
75 10 7 16
75 11 1 1
75 11 2 0
75 11 3 1
75 11 4 8
75 11 5 10
75 11 6 12
75 11 7 7
75 12 1 0
75 12 2 1
75 12 3 0
75 12 4 6
75 12 5 8
75 12 6 8
75 12 7 14
75 13 1 2
75 13 2 0
75 13 3 2
75 13 4 9
75 13 5 8
75 13 6 11
75 13 7 6
75 14 1 1
75 14 2 0
75 14 3 0
75 14 4 3
75 14 5 4
75 14 6 16
75 14 7 14
75 15 1 4
75 15 2 3
75 15 3 5
75 15 4 9
75 15 5 5
75 15 6 6
75 15 7 5
75 16 1 0
75 16 2 0
75 16 3 0
75 16 4 0
75 16 5 2
75 16 6 12
75 16 7 27
75 17 1 0
75 17 2 1
75 17 3 0
75 17 4 4
75 17 5 5
75 17 6 6
75 17 7 6
75 18 1 1
75 18 2 1
75 18 3 0
75 18 4 9
75 18 5 7
75 18 6 6
75 18 7 14
76 1 1 2
76 1 2 1
76 1 3 7
76 1 4 15
76 1 5 17
76 1 6 7
76 1 7 6
76 2 1 1
76 2 2 2
76 2 3 2
76 2 4 9
76 2 5 22
76 2 6 8
76 2 7 11
76 3 1 1
76 3 2 1
76 3 3 3
76 3 4 11
76 3 5 10
76 3 6 14
76 3 7 15
76 4 1 2
76 4 2 2
76 4 3 3
76 4 4 15
76 4 5 9
76 4 6 12
76 4 7 11
76 5 1 1
76 5 2 0
76 5 3 3
76 5 4 11
76 5 5 8
76 5 6 15
76 5 7 16
76 6 1 2
76 6 2 0
76 6 3 5
76 6 4 9
76 6 5 12
76 6 6 14
76 6 7 13
76 7 1 3
76 7 2 5
76 7 3 3
76 7 4 18
76 7 5 11
76 7 6 8
76 7 7 7
76 8 1 0
76 8 2 1
76 8 3 1
76 8 4 7
76 8 5 5
76 8 6 0
76 8 7 5
76 9 1 2
76 9 2 0
76 9 3 3
76 9 4 7
76 9 5 8
76 9 6 9
76 9 7 6
76 10 1 2
76 10 2 1
76 10 3 3
76 10 4 14
76 10 5 16
76 10 6 13
76 10 7 6
76 11 1 3
76 11 2 4
76 11 3 3
76 11 4 12
76 11 5 15
76 11 6 10
76 11 7 7
76 12 1 3
76 12 2 3
76 12 3 3
76 12 4 6
76 12 5 9
76 12 6 9
76 12 7 20
76 13 1 2
76 13 2 4
76 13 3 4
76 13 4 13
76 13 5 10
76 13 6 12
76 13 7 10
76 14 1 1
76 14 2 2
76 14 3 3
76 14 4 10
76 14 5 7
76 14 6 11
76 14 7 21
76 15 1 4
76 15 2 6
76 15 3 9
76 15 4 12
76 15 5 11
76 15 6 3
76 15 7 6
76 16 1 0
76 16 2 1
76 16 3 3
76 16 4 5
76 16 5 12
76 16 6 15
76 16 7 18
76 17 1 0
76 17 2 0
76 17 3 2
76 17 4 5
76 17 5 5
76 17 6 5
76 17 7 6
76 18 1 2
76 18 2 1
76 18 3 6
76 18 4 12
76 18 5 16
76 18 6 5
76 18 7 6
77 1 1 0
77 1 2 1
77 1 3 4
77 1 4 12
77 1 5 7
77 1 6 5
77 1 7 7
77 2 1 1
77 2 2 1
77 2 3 3
77 2 4 5
77 2 5 7
77 2 6 13
77 2 7 6
77 3 1 1
77 3 2 0
77 3 3 3
77 3 4 6
77 3 5 7
77 3 6 12
77 3 7 7
77 4 1 1
77 4 2 1
77 4 3 2
77 4 4 7
77 4 5 10
77 4 6 8
77 4 7 7
77 5 1 0
77 5 2 1
77 5 3 0
77 5 4 8
77 5 5 8
77 5 6 8
77 5 7 10
77 6 1 0
77 6 2 1
77 6 3 2
77 6 4 6
77 6 5 8
77 6 6 8
77 6 7 10
77 7 1 1
77 7 2 3
77 7 3 3
77 7 4 10
77 7 5 5
77 7 6 7
77 7 7 7
77 8 1 0
77 8 2 1
77 8 3 0
77 8 4 2
77 8 5 4
77 8 6 5
77 8 7 3
77 9 1 1
77 9 2 0
77 9 3 1
77 9 4 4
77 9 5 5
77 9 6 14
77 9 7 4
77 10 1 0
77 10 2 1
77 10 3 3
77 10 4 12
77 10 5 4
77 10 6 9
77 10 7 7
77 11 1 2
77 11 2 0
77 11 3 2
77 11 4 7
77 11 5 8
77 11 6 10
77 11 7 7
77 12 1 0
77 12 2 1
77 12 3 0
77 12 4 3
77 12 5 7
77 12 6 12
77 12 7 12
77 13 1 2
77 13 2 0
77 13 3 3
77 13 4 6
77 13 5 7
77 13 6 11
77 13 7 4
77 14 1 1
77 14 2 0
77 14 3 0
77 14 4 4
77 14 5 4
77 14 6 13
77 14 7 13
77 15 1 3
77 15 2 2
77 15 3 2
77 15 4 14
77 15 5 4
77 15 6 6
77 15 7 4
77 16 1 0
77 16 2 0
77 16 3 0
77 16 4 5
77 16 5 9
77 16 6 9
77 16 7 13
77 17 1 0
77 17 2 0
77 17 3 1
77 17 4 3
77 17 5 7
77 17 6 8
77 17 7 8
77 18 1 1
77 18 2 0
77 18 3 2
77 18 4 7
77 18 5 8
77 18 6 5
77 18 7 12
78 1 1 0
78 1 2 0
78 1 3 0
78 1 4 7
78 1 5 11
78 1 6 36
78 1 7 29
78 2 1 0
78 2 2 0
78 2 3 1
78 2 4 7
78 2 5 12
78 2 6 32
78 2 7 31
78 3 1 1
78 3 2 2
78 3 3 1
78 3 4 14
78 3 5 15
78 3 6 24
78 3 7 27
78 4 1 0
78 4 2 1
78 4 3 2
78 4 4 16
78 4 5 9
78 4 6 26
78 4 7 29
78 5 1 0
78 5 2 0
78 5 3 1
78 5 4 13
78 5 5 10
78 5 6 28
78 5 7 31
78 6 1 0
78 6 2 1
78 6 3 0
78 6 4 7
78 6 5 9
78 6 6 33
78 6 7 34
78 7 1 1
78 7 2 6
78 7 3 4
78 7 4 14
78 7 5 16
78 7 6 22
78 7 7 21
78 8 1 1
78 8 2 1
78 8 3 0
78 8 4 10
78 8 5 10
78 8 6 11
78 8 7 15
78 9 1 1
78 9 2 1
78 9 3 2
78 9 4 21
78 9 5 16
78 9 6 18
78 9 7 15
78 10 1 0
78 10 2 0
78 10 3 1
78 10 4 9
78 10 5 14
78 10 6 33
78 10 7 26
78 11 1 5
78 11 2 6
78 11 3 2
78 11 4 12
78 11 5 19
78 11 6 21
78 11 7 19
78 12 1 5
78 12 2 5
78 12 3 3
78 12 4 21
78 12 5 12
78 12 6 24
78 12 7 10
78 13 1 1
78 13 2 4
78 13 3 5
78 13 4 19
78 13 5 19
78 13 6 25
78 13 7 6
78 14 1 3
78 14 2 2
78 14 3 2
78 14 4 19
78 14 5 11
78 14 6 34
78 14 7 12
78 15 1 6
78 15 2 9
78 15 3 7
78 15 4 22
78 15 5 19
78 15 6 11
78 15 7 8
78 16 1 0
78 16 2 0
78 16 3 0
78 16 4 7
78 16 5 7
78 16 6 31
78 16 7 38
78 17 1 0
78 17 2 0
78 17 3 0
78 17 4 8
78 17 5 9
78 17 6 19
78 17 7 23
78 18 1 0
78 18 2 0
78 18 3 4
78 18 4 16
78 18 5 16
78 18 6 18
78 18 7 25
79 1 1 0
79 1 2 0
79 1 3 0
79 1 4 1
79 1 5 3
79 1 6 8
79 1 7 10
79 2 1 0
79 2 2 0
79 2 3 0
79 2 4 2
79 2 5 3
79 2 6 7
79 2 7 10
79 3 1 0
79 3 2 0
79 3 3 0
79 3 4 1
79 3 5 4
79 3 6 8
79 3 7 9
79 4 1 0
79 4 2 1
79 4 3 0
79 4 4 0
79 4 5 2
79 4 6 6
79 4 7 12
79 5 1 0
79 5 2 0
79 5 3 1
79 5 4 1
79 5 5 1
79 5 6 8
79 5 7 11
79 6 1 0
79 6 2 0
79 6 3 0
79 6 4 0
79 6 5 1
79 6 6 9
79 6 7 12
79 7 1 0
79 7 2 0
79 7 3 0
79 7 4 0
79 7 5 4
79 7 6 9
79 7 7 9
79 8 1 0
79 8 2 0
79 8 3 0
79 8 4 2
79 8 5 3
79 8 6 5
79 8 7 9
79 9 1 0
79 9 2 0
79 9 3 0
79 9 4 2
79 9 5 2
79 9 6 6
79 9 7 12
79 10 1 0
79 10 2 0
79 10 3 0
79 10 4 0
79 10 5 2
79 10 6 8
79 10 7 12
79 11 1 0
79 11 2 0
79 11 3 0
79 11 4 1
79 11 5 3
79 11 6 6
79 11 7 12
79 12 1 1
79 12 2 0
79 12 3 0
79 12 4 1
79 12 5 4
79 12 6 1
79 12 7 4
79 13 1 0
79 13 2 0
79 13 3 0
79 13 4 3
79 13 5 8
79 13 6 5
79 13 7 6
79 14 1 0
79 14 2 0
79 14 3 0
79 14 4 0
79 14 5 1
79 14 6 1
79 14 7 2
79 15 1 0
79 15 2 0
79 15 3 0
79 15 4 1
79 15 5 3
79 15 6 8
79 15 7 8
79 16 1 0
79 16 2 0
79 16 3 0
79 16 4 0
79 16 5 3
79 16 6 5
79 16 7 14
79 17 1 0
79 17 2 0
79 17 3 0
79 17 4 0
79 17 5 4
79 17 6 5
79 17 7 11
79 18 1 0
79 18 2 1
79 18 3 0
79 18 4 0
79 18 5 3
79 18 6 5
79 18 7 13
80 1 1 0
80 1 2 0
80 1 3 1
80 1 4 2
80 1 5 3
80 1 6 9
80 1 7 5
80 2 1 0
80 2 2 0
80 2 3 0
80 2 4 0
80 2 5 4
80 2 6 9
80 2 7 7
80 3 1 0
80 3 2 0
80 3 3 0
80 3 4 1
80 3 5 5
80 3 6 9
80 3 7 5
80 4 1 0
80 4 2 0
80 4 3 1
80 4 4 3
80 4 5 2
80 4 6 10
80 4 7 4
80 5 1 0
80 5 2 0
80 5 3 0
80 5 4 2
80 5 5 2
80 5 6 9
80 5 7 7
80 6 1 0
80 6 2 0
80 6 3 0
80 6 4 0
80 6 5 4
80 6 6 9
80 6 7 7
80 7 1 0
80 7 2 0
80 7 3 1
80 7 4 2
80 7 5 6
80 7 6 6
80 7 7 4
80 8 1 0
80 8 2 0
80 8 3 0
80 8 4 2
80 8 5 6
80 8 6 5
80 8 7 6
80 9 1 0
80 9 2 0
80 9 3 1
80 9 4 0
80 9 5 3
80 9 6 7
80 9 7 9
80 10 1 0
80 10 2 0
80 10 3 0
80 10 4 2
80 10 5 4
80 10 6 8
80 10 7 6
80 11 1 0
80 11 2 0
80 11 3 0
80 11 4 1
80 11 5 3
80 11 6 5
80 11 7 11
80 12 1 1
80 12 2 0
80 12 3 0
80 12 4 0
80 12 5 4
80 12 6 1
80 12 7 4
80 13 1 0
80 13 2 0
80 13 3 2
80 13 4 1
80 13 5 6
80 13 6 5
80 13 7 6
80 14 1 0
80 14 2 0
80 14 3 0
80 14 4 0
80 14 5 2
80 14 6 3
80 14 7 3
80 15 1 0
80 15 2 0
80 15 3 0
80 15 4 1
80 15 5 5
80 15 6 4
80 15 7 8
80 16 1 0
80 16 2 0
80 16 3 0
80 16 4 2
80 16 5 3
80 16 6 4
80 16 7 11
80 17 1 0
80 17 2 0
80 17 3 0
80 17 4 0
80 17 5 4
80 17 6 2
80 17 7 14
80 18 1 0
80 18 2 0
80 18 3 1
80 18 4 1
80 18 5 3
80 18 6 7
80 18 7 7
81 1 1 0
81 1 2 0
81 1 3 0
81 1 4 1
81 1 5 2
81 1 6 9
81 1 7 25
81 2 1 0
81 2 2 0
81 2 3 0
81 2 4 1
81 2 5 1
81 2 6 9
81 2 7 27
81 3 1 0
81 3 2 0
81 3 3 0
81 3 4 1
81 3 5 1
81 3 6 13
81 3 7 23
81 4 1 0
81 4 2 0
81 4 3 0
81 4 4 1
81 4 5 2
81 4 6 6
81 4 7 27
81 5 1 0
81 5 2 0
81 5 3 0
81 5 4 0
81 5 5 3
81 5 6 9
81 5 7 26
81 6 1 0
81 6 2 0
81 6 3 0
81 6 4 0
81 6 5 3
81 6 6 4
81 6 7 30
81 7 1 0
81 7 2 0
81 7 3 1
81 7 4 1
81 7 5 2
81 7 6 8
81 7 7 26
81 8 1 0
81 8 2 0
81 8 3 0
81 8 4 2
81 8 5 6
81 8 6 6
81 8 7 17
81 9 1 1
81 9 2 0
81 9 3 2
81 9 4 0
81 9 5 4
81 9 6 11
81 9 7 20
81 10 1 0
81 10 2 0
81 10 3 0
81 10 4 1
81 10 5 2
81 10 6 8
81 10 7 26
81 11 1 0
81 11 2 0
81 11 3 0
81 11 4 1
81 11 5 3
81 11 6 11
81 11 7 22
81 12 1 0
81 12 2 0
81 12 3 0
81 12 4 0
81 12 5 2
81 12 6 1
81 12 7 8
81 13 1 0
81 13 2 0
81 13 3 0
81 13 4 4
81 13 5 3
81 13 6 13
81 13 7 17
81 14 1 1
81 14 2 0
81 14 3 2
81 14 4 9
81 14 5 7
81 14 6 5
81 14 7 10
81 15 1 0
81 15 2 0
81 15 3 0
81 15 4 6
81 15 5 6
81 15 6 7
81 15 7 17
81 16 1 0
81 16 2 0
81 16 3 0
81 16 4 0
81 16 5 1
81 16 6 6
81 16 7 31
81 17 1 0
81 17 2 0
81 17 3 0
81 17 4 2
81 17 5 2
81 17 6 8
81 17 7 22
81 18 1 0
81 18 2 0
81 18 3 0
81 18 4 1
81 18 5 3
81 18 6 4
81 18 7 30
