A C E N O
4 2.8 3.8 2.8 3
4.2 4 5 3.8 4
3.8 4 4.2 3.6 4.8
4.6 3 3.6 2.8 3.2
4 4.4 4.8 3.2 3.6
4.6 5.6 5.6 3 5
4.6 4.4 4.2 1.4 5.4
2.6 3.4 2.4 4.2 4.2
3.6 4 3.25 3.6 5
5.4 5.6 4.8 4.2 5.2
4.6 4.2 4.2 3 4.8
5 3.8 4.2 3.5 3.4
4.4 4.4 3.4 1.8 4.6
4.8 4.6 5 1.2 4
2.6 5 4.2 2.6 4.4
4.2 4.2 5.6 4.6 4.2
4.4 3.6 5.2 4.2 5.2
4.2 4.4 5.2 4.8 4.6
3.8 3.6 5 4.6 4
4.6 1.2 5.4 3.4 4.6
2.2 4 4.4 2 4
4.8 4.4 4.4 4.4 5.6
5.6 2.8 4 2 5.4
5.4 3.8 5.2 4.8 5.8
4.8 5.2 5 2 5.4
5 4.8 6 1.8 4.6
4 5.8 4 3.2 5.6
5.6 4 5.8 3.6 5.2
3.8 4.2 5.2 2.8 4
4.8 3.6 5.4 3.4 4.8
5.2 4.4 3.2 5.4 3.8
5.6 4.6 5 2.4 5
5.2 3.2 1.2 2.6 4.8
5 4.4 4.2 2.4 4.2
3.8 3.4 3.6 1.75 4.4
3.2 3 3 3.8 3.6
5.2 4.4 1.8 2.2 4
3.8 4.8 3.6 5 4.2
6 6 5 1 6
4.6 5.2 4.6 1.4 5.8
5.4 3.8 3.8 2.6 4
3.8 4 2.8 1.5 2.6
4.8 4.2 3.8 2.2 4.2
4 3.2 3 3.2 3.2
5.8 4.2 4.8 2.2 5.2
6 3.8 4 3.6 5.2
3.4 3.2 3.4 3.8 3.6
5 2.4 3.6 3 4.2
3.8 4.4 3.4 4.6 4
6 5 6 2.2 5.6
5.6 3.2 4.6 4.8 4.8
5.2 4.8 3.8 2.8 3.8
4.4 4 5.4 1.4 4.4
4 4 3.2 5.4 3
6 5.2 5.4 2.4 4.8
4.6 3.8 4.2 3.6 5.8
3.2 4.6 3.2 4.4 4.6
3.8 4.4 3.6 4 4.4
5 5.4 2.8 3.8 3.8
4.2 4.8 5 1.8 4.6
4.2 2.8 3.2 4.2 3
4.2 4.2 2.8 4.6 4.4
5.6 5.25 5.8 3 4.4
4 5.2 5.8 3 5.2
5.8 5 3.6 4.6 5.2
4.75 5 2.6 1 4.8
4.4 2.2 2.4 3.6 4.8
2.4 2.6 3.4 2.2 6
4.6 4.8 4.6 2.2 4.6
5.4 5.2 2.8 2.4 4.8
4.8 5.4 4.4 2.4 5
4.4 4.4 5 1.8 4.8
3.8 4.6 4.8 4.4 4
5 5.2 3.2 3 5
4.6 5.4 4.6 2 5
5.2 4.8 5.4 2.4 4.2
5.8 5 5.8 2 5
5 4.6 5.6 4.2 4.6
3.2 3.2 3.6 2.8 3
5 2.8 3.8 3.2 4.2
5 4.4 3.6 3.2 5.4
3.8 4.8 2.8 5 6
4.8 3 3.4 4.4 5.6
5.8 5.6 4.8 2.4 4
5 4.6 3.8 4.6 4.8
4.4 3.6 3.4 2.8 3.2
5.2 4.6 3.8 2.4 3.6
5.4 3.6 4.8 2 5
5.2 4.2 5 2.2 4.2
4.4 3.5 3.4 3.4 4.2
5.2 4.4 4.8 1.6 5.4
4.8 4.2 3.6 3.4 5.6
4.6 2.6 3.6 4.2 2.8
5.4 5.8 5.4 3.6 5.6
5 5 3.8 4 3
3.6 4.8 2.2 5 4.2
2.2 1.4 1 4 5.2
5.2 5.2 3.6 1.2 5.6
3.8 4.2 3 5.4 4.4
4 3.4 3.2 1.4 4
4.6 3.4 4 4.75 5.6
3.6 3.8 4.2 3.2 4.6
4.4 4.8 3.6 4.6 5.6
4.6 1.8 2.4 2 3.6
3.6 5.2 1.4 4.8 3.8
5.8 3 4 4 4.6
4.6 6 3.6 4.25 5.6
1.2 3.8 4.4 4.4 5.6
5.4 3.4 4.8 4.6 5
5 3.4 4.8 5.6 4.2
6 4 4.4 2.8 5.4
4.75 4.6 3 2 2.4
5.4 4.8 4.2 1.4 4.8
6 4.8 3.2 4.4 5.8
5.2 4.8 5.8 2 5.4
2 1.8 1.8 2.8 2.6
4.4 4.8 4.8 2 5.4
1.8 2.4 1.6 2.8 5.2
4.2 4.6 5 3.2 5.4
5.8 4.2 5.6 2.2 6
5 4.4 5.6 3 5
4.4 3.6 2 4 3.6
3.6 5.6 5.4 3.4 5.6
4.4 4 5 3 4.8
4.8 3.2 3.4 2.2 5.4
4.4 4.2 2.2 3.4 5.8
5.4 4.6 4.8 2.8 4.4
4.6 4 4.6 2.8 5.4
4 2.4 2.6 3.2 5
3.75 3.8 4.2 4.6 4
4.2 3.4 4.4 4.2 4.6
4.4 3.8 4.4 5 4.8
3 5 2.5 3.4 4.6
3.6 3.4 3.4 4.6 3.4
6 3.6 4 5.4 4.6
5.8 3 4 3.8 5
5.6 3.4 6 2.75 4.6
5.6 5.6 5 3 5.4
5.6 4.6 5.2 4.4 4.8
5.2 2.2 6 3.6 4.8
2.6 3 1.4 4.4 3.4
4.8 4.4 5.2 5.2 3.2
3.8 5 5 4.2 4.4
5.8 3.6 4.4 1.8 4
4.2 3.2 4.4 2.4 5.2
4 4.4 2.8 2 5.6
5.4 5.2 5 4.6 5.4
4.8 3.8 4 3.2 4.4
4.2 3.8 5.2 1 4.8
5.4 5 3.8 3.4 5.2
4.4 2.4 3.6 4 5.2
5.8 5.2 5.2 1.8 6
5.2 3 4.2 2.2 4.6
3 5 5.6 2.4 5
4.8 5.4 3.8 2 4.6
5 4.2 5 3.6 5
5.8 3.6 5.4 2.2 4.6
4.8 2.6 3.4 4 4.8
3.4 3.4 3.4 2.4 5.8
4.6 5.4 3.8 4.2 3.6
5.4 5.2 4 2.5 4.4
5 3.4 4.6 3.2 4.8
4.8 2.4 4.4 3 4
4 4 3 1.8 2.2
6 5 5 3 4
4.8 2 4.6 1.4 4.6
5 5 5.8 1.4 5.2
4.8 2.8 4.25 3 4.8
5.2 5 4.8 4 5.6
4.4 5.2 1.8 5.8 4.8
3.8 3.2 3.8 3.4 3.6
4.4 5 5 3.8 4.2
5.2 3.4 5 3.2 4.4
5 4.2 4.2 2.4 4.6
5.6 5.2 5.4 2 5.4
3.4 3.8 3 5 3.6
5.8 3.8 3.8 2 5.8
4.6 5.6 3 4.2 5
3.4 3.6 3.8 3.6 3.8
3 3.2 4.8 1.6 5.4
3.2 3.2 3 4.6 6
5.8 4.4 4.4 1.8 3.8
4.2 3.2 2.8 2.4 3.6
2.6 3 2.8 4.4 5.2
3.6 4.6 3.2 4.2 6
5.2 3.2 4.4 5.2 1.4
5 3.6 4.6 1.4 5.4
3.4 6 5.4 1.4 5.8
4.6 5.2 3 4.8 4
5 5.2 5.6 4.4 5.6
4 2.8 3.6 2.4 5
5 4 4.4 4.4 5.6
4 4 3.4 3 4.2
3.6 3.4 4.6 2.4 3.6
4.6 4.6 3.4 3.8 4.4
5.2 2.6 2 5 3.6
4.8 3.6 5.6 2.8 4.2
5 3.8 3.2 2.8 4.2
5.2 2.6 5.4 1.2 4.6
5.2 4.2 4.6 2.2 5.4
5 5.4 4.2 2.4 3.8
3.4 3.8 2.6 4.4 4
4.4 3.8 4.2 3.6 3.2
5 5.2 5.2 1.2 4.2
5.4 4 4.4 2 4.8
4.6 5.2 3.8 2.6 4.4
5 3.2 3.2 3.4 3.8
5.5 5.2 3 1 5.6
5.4 3 5.4 3.2 4.2
3 2.6 3.8 2 4.6
5 4.6 5 1.8 5.6
5.8 3.2 4.6 4.5 4.6
3.8 3.75 3.6 1.8 4.2
3.4 2.6 2.4 5.4 3
5.6 5 4.5 1.6 6
3.6 4.6 3.2 3 5.4
6 5.2 5.8 2.8 4.6
4 4 5.2 3.8 3.8
4 5 4.8 2.6 4.6
2.2 3 2.8 3 5.4
4.8 4.4 4.4 3.6 3.25
5.5 5 2.8 2 4
5.6 4.6 5.4 1.2 4.4
5.4 3.6 4.6 2.4 5
5.6 4.4 5.2 3 5.6
5.6 4.2 4 4 4.8
4.2 3.8 3.4 3.2 4
3.8 5 3.4 2.8 5.5
5.4 4 4.8 1.8 4.6
5.4 5 4.8 2 5.6
4.2 4.2 4.4 2 4
4.6 3.8 3 2.6 4.6
3.8 5.4 4.8 2.4 5
4 4.6 2.6 2.6 5
5.4 5.6 5.4 2 5.2
4.4 3 4.4 4.4 3
5.25 4 4 3 4.8
5.8 2.8 4.4 3 4.4
4.2 4.6 2.8 1.8 4.8
5.2 5.4 5 3 4.4
5.5 5.6 5.4 3 5.6
4.4 4.2 2.6 1 5.25
4.6 4.4 4.8 1.8 4.4
5.6 5 4.6 1.4 4.6
3.4 5 4.4 3.2 5.6
4.8 3.2 4 3 3.8
1.6 1.6 3 4.2 3.4
3.6 4.2 4 2.2 2.8
2.8 4.2 4.4 2 4
4.6 3.2 5 2.4 4.6
5.2 4.4 4 1.8 4.2
4.6 5.2 3.2 3.2 4.6
2.6 5.6 5.8 1 4.8
5.2 6 5 1.4 4
4.8 4.8 5 2 3.8
4 4.4 3.6 2.6 4
4.8 5.2 5.2 2.2 4.2
5.6 3.4 3.4 3.2 5
5.8 4.4 4.8 3.8 4.6
4.4 3.4 4 2.8 3.8
3.6 3 3.6 4.4 4.4
3.4 5.2 3.8 3.8 6
5 4.6 6 3.6 3.8
5.4 5.6 4.8 2.8 5.6
4 4 5.8 1.2 3.2
4.6 5.4 4.6 1.6 3.4
4.8 4.2 3.6 4 3.6
5.2 5.2 4.6 1.8 4.2
5.6 4.6 4 3.4 4.6
3.8 3.6 3.8 3.4 4.2
4.6 3.4 4.8 5.2 3.8
4.8 4.4 5.6 2.75 5
6 5.4 6 1.8 5.4
5.8 5 5.2 3.6 4.6
4.4 4.2 5.8 4.6 5
5.4 5 4.8 3 4
5.6 5.4 5.4 1.8 5.2
4.2 4 2.6 4.2 3.8
5.2 4 5.2 4.4 5.8
5 3.4 3.8 4.6 3.6
4.2 3.2 3 3.8 4.4
5.8 5.2 5.4 2.8 5
3.2 2.6 3 2.6 3
4.8 4 4.2 4.2 4
4.8 3.6 3.6 5.4 3.6
5.4 5 5.2 3.6 4.4
5 4.8 3.2 5.6 5.2
3.8 4.4 3.6 3.2 4.6
6 4.2 6 2.2 6
5.8 5 4.2 4 3.4
5.4 3 3.6 3.4 3
5 5.2 4.8 1 4.6
4.6 3.8 3 3.4 2.8
5 3.8 5.6 4 4.8
5.4 3.2 5.6 5.4 5.6
5.2 3.8 5.4 3 4.6
4.8 4 5.2 2.6 4
3.8 2.2 3.8 3 4.6
5 5 2.8 2.2 3.2
3.8 3.8 3.4 3.4 4
5.4 4.2 4.6 3.8 6
5 4.4 3.4 1.4 5
5.4 3.4 2.4 2.4 3.4
4.8 3.8 4.8 3.4 4.2
4.2 5.2 4.8 3.8 5.2
4.4 4.4 3.8 4 6
2.4 4.2 2.8 4 5.2
5.6 5.6 3.8 4 3.8
4 5.6 5.2 2.4 4.2
5.6 4.6 5.8 3.4 4.75
5.4 4.2 4 2.2 4
5.2 5.4 3.8 3.6 4.2
5.2 4.6 4.6 1.2 4.8
6 5.2 5.8 2.2 4.2
4.2 4 5.4 4.8 5.4
4.2 5.2 3.8 5.2 5.2
5 2 4.6 3 4.6
3.4 4.4 3.2 5.8 5
3.4 3.6 4.6 2.4 5.2
5.8 5 4.8 2 4.2
3.4 5.8 3.8 4.2 6
5.8 4.6 5.6 1.8 4.6
2.6 4.6 2.8 5.2 5.6
3.8 3.8 3.4 4 3.4
4 3.4 2.8 3.8 4.2
5.6 4.6 5 2.6 5.8
4.25 5.4 2.8 2.8 4.25
4.6 3.6 2 3.8 4.25
5.2 3.2 6 5.8 5.2
4 4 3.4 3 5.6
5.6 3.6 3.6 4.6 6
5.4 5.2 4.8 2 5
3 4.4 3.6 5.4 4.6
5.6 5.4 5 2.6 5.8
5.6 4.6 2.2 5.25 3.8
3.8 3.2 3.4 5.6 4.5
4.8 4.8 5.6 5 4.4
6 6 5.2 2 5.4
5 3.6 2.8 4.2 3.6
4 4.2 3 4 4.2
4 3 3.4 3.4 3.4
5.2 2.4 5 4.25 6
4.4 3.2 2.8 3.8 3
5.6 4.6 5.8 2.4 4.6
4.8 3.8 5.6 2.6 5.4
5.2 4.4 4.8 4.2 5.2
5 2.8 2.8 4.2 4.6
4.6 4.4 3.8 5.4 3
5.2 5.4 5.2 3.4 5.2
4.2 4.4 4 4 4
4.6 5 4 4.2 5
5.2 5.4 4.6 3.8 4.2
3.6 3.2 4.4 3.2 5.6
4.8 4.4 3.8 3.6 3.4
4.6 3.6 5.4 2.4 4.6
5.4 4.6 3.75 4 4
4 3 3.6 2.6 3.8
5 3.8 2.2 3.6 5.2
5.4 3.4 3.2 3.6 4.8
4.8 5.2 5.2 2.8 4.4
5.2 5.2 4.6 4.8 4.4
4.8 2 5.6 4.6 6
5 4.6 4.8 2.2 5.8
5.4 3.2 4.2 3.4 5
4.2 2.8 3.4 4 4.4
5.2 5.6 4.2 2.8 5.8
4 3.4 4 3 4.4
5.2 4 6 3.8 5.6
4.2 2.4 1.6 4.2 4.4
5 3 5.6 6 4.8
4 4.4 2.6 3.2 4.6
4 4.4 3.6 3.4 5.4
6 5.4 6 1 6
4.6 4.8 3.4 3.6 5.4
4.6 4.2 4.6 2.8 4.6
5.8 6 5.4 1 6
5.2 5.2 4 2.4 5.4
3.6 4 5.2 3.6 4
3 4.6 1.6 1.6 4.4
5.4 5 5.2 1 3.6
5.2 5.25 5.6 4 5.8
4 4.6 4.2 4 4.6
5 5 4.8 3.6 4.8
4.75 4 3 2.4 3.4
5 4.2 4.4 3 4.6
5.8 5.6 4.8 2.6 5
5 5 3.8 1.4 4.2
4 4 4.25 4 4.5
5.6 3 4.2 4.4 5.6
4 5 4.4 2.2 3.2
4.6 3 4 3.8 5.4
5.8 4.6 4.8 4.2 5.6
5 4.6 3.2 2.4 3.8
6 4.2 5.4 2.8 5.8
5 4.4 4.4 2 4.8
4.2 3.2 5.8 2.6 4.75
3.5 4 4.2 2.4 3.8
4.4 5.2 4 2.6 3.6
5 4.2 4.4 4.6 3.6
5.4 3.8 5 4.4 4.6
4.2 3.2 3.6 2.2 4
5 2.6 3.8 3.6 5.2
4.4 5.6 5 2.6 5.4
5.4 3.8 4.2 1.25 4.4
4.4 5.2 4.4 4.2 5.8
3.2 3 3 4.4 5.6
5.4 5.6 5.2 2.4 5.4
5.2 4.4 4.8 4.8 5.4
4.2 5.4 3.8 3 3.4
3.6 4.8 1.8 2.6 2.6
5.6 4 4.6 1 5.2
5.2 3.8 4 4.6 2.6
4.6 2.8 3.6 5.6 5.6
3 5.6 2 3.6 5.8
4.6 3.8 4.6 3.2 5.6
5.2 3.2 4.6 3.8 4
5.8 4.2 2.4 3.8 3.6
5 4.6 4.2 4.6 4.2
5.4 5.2 5.6 2.6 4.4
6 4.8 3.6 1.6 5.8
5.6 4.4 4.4 5.8 5
5.2 5.6 5.6 3 4
5.8 5.4 3.2 4.4 4.6
4.5 5.5 4.4 3 4.6
4.5 5.6 4.4 2.8 4.6
5.8 5.8 5.8 1.4 5.8
6 5 5.4 2.25 5
6 4.8 5.8 1.6 5.2
5.4 4 5.2 5 4.6
3.6 2.6 3 3.8 4.8
4.4 5.2 4.2 3.4 5.4
4.4 5.2 4.2 2.8 5.4
4.4 5.2 4.2 2.8 5.4
4.4 5.2 4.2 3.2 5.4
5 4.6 4 3.2 5.4
5 4.6 4.4 3.2 5.4
5 4.6 4.4 3.2 5
4.6 2.2 4.4 1.8 3.2
4.6 6 4.6 4.6 6
5.6 4.6 4.8 1.8 6
4.2 5.4 4 5.4 4.4
5.2 5 2.6 2.2 5.6
4.6 3.2 3.2 5.8 3.6
4.2 4 3.8 3.6 4
5.8 4.4 4.8 2 5.2
5.2 4.6 3.6 1.8 3.6
5.4 4 4.6 2 4.6
2.2 2.6 4.2 6 4.6
1.6 6 1.2 1 4.6
5.8 6 5.2 2.4 5.8
3.2 3 1.8 4.6 3.8
4.4 4.4 5 2.6 5
5.4 5.2 5.6 2.8 5.6
4.8 4.4 5 3.2 5
5.6 5.4 5.6 3.8 4.2
5 4.8 4 1.6 4
6 5 6 2.4 6
5 4.8 5 3.8 6
2.6 2.6 1.4 2.6 5.8
3.4 5 4.4 4.6 4.6
4.8 3.6 4.2 2 4
5 2 3 5 4.2
5.6 5.2 4.8 1.6 5.4
5.4 4.2 5.2 5 5.8
4.4 4.4 4 3 4.6
5.4 4.4 4.8 1.2 4.8
5.25 5.2 6 2.4 4.2
4.8 3.8 5.2 4.6 5.6
5.6 4.4 1.8 4.2 3.6
5.8 5.6 5.75 3.2 5.4
5 4.4 4 4.2 5
5.8 5 4.8 1 4.4
5.8 5.6 4 3.8 3.8
3.2 3.6 3.6 3.6 3.4
3.8 3.6 3.4 2.8 3.8
2 2.8 2.6 3.8 3.6
4.6 3 4.8 2 4.6
5.8 6 3.6 2.6 5.2
5 3.2 5.2 4.6 3
6 5.2 6 4.2 5.2
5.2 4.4 5.6 4.4 5.8
6 5.4 5.4 2.8 5.6
4 4.6 2 2.6 2.6
4.2 3.25 4 3.8 4.6
5 5 5.6 1.4 5.4
5.8 4.8 3 2.4 4.2
5.2 4.8 4.6 1.8 4.6
4.8 3.8 4 4.2 3.6
5.2 5.4 4.8 4.8 5.6
5.4 5 3.2 2.4 4.8
5.4 4 5 3.2 4.8
4.8 5 3.6 2.8 2.6
4.8 3.5 3.8 3.4 4.6
4.6 5.8 5.6 3 5.4
4.8 4.4 3.2 3 3.8
4.2 4.8 5.2 4.4 4.6
4.6 5.6 4.8 2.4 5.2
4.4 5 4.6 2.6 4.6
4.2 3.4 5.2 5.6 4.4
5.6 5.4 4.4 4.4 4.8
5.6 4.8 5.2 1.2 4.2
6 5.6 5 1.4 4.6
4.4 3.8 5.2 4 4.4
5 4.6 4.2 3.6 4.6
4.2 5 4.6 3.2 4.6
5 5 4.8 3.6 4.2
5.6 5.4 4.4 3.4 4.4
6 3.6 5.2 5.2 3.4
5.2 4.8 4.4 3.6 5.6
5.6 4.8 4.4 3 3.6
5 4.4 4.6 3.2 4.2
4 5.8 5.4 1 4.2
4.8 5.2 5.8 4.4 5.2
4.4 4.8 4.8 1.6 5.2
4.6 4.8 2.6 2.8 4
5 4.4 4.6 3.6 4.6
5.4 5.6 4.2 4.4 4.2
5 4.8 3.8 4.6 5.2
6 5.8 5.8 1.2 5.8
5 5.8 5.4 3 4.2
5.2 3.6 4.2 3.8 4.2
4.8 4.4 4 1.8 5
5 4.2 4.25 1.8 4
5.6 5.4 5.6 4.4 3.4
4.4 4.4 3.5 4.6 3.6
5 5.8 6 5 5
4.8 4 4.6 3 5
5.6 5.2 5.8 1.2 6
5 4.6 3.4 3.6 3.6
4.2 2 4.2 2.5 5
5.2 4.4 3.6 3.6 5
4.4 3.8 5 4.8 4
5.4 5 4.2 6 5.4
5.2 3.8 4.2 2.6 3.6
4.2 4.2 1.6 5 5.2
5.6 4.4 5.2 2 3.2
4 4.2 2.4 3 5.2
3.2 2.8 4 4.6 5.2
3.2 3.4 3.5 4 3.4
4.8 4 4.4 4.4 4.4
4.6 5 3.6 2.4 4
3.8 4.8 4.6 4.6 5.6
5.8 3.4 3.8 4.6 3.4
5.4 4.8 4.4 3 4.8
4.8 4.6 4.4 2.4 4
4.4 3.6 2.6 3.6 3.8
4 5 4.2 3.5 4
4.4 3 5.6 1.8 5
5.2 5.6 5.4 1.8 5.4
4.4 5 4.4 4.8 4.6
5 4.6 3.4 1 4
3.2 3.4 2.8 5.2 4.2
4.4 1.8 5 2.6 3.2
6 5.6 5.6 1.8 4
5.4 4.4 4 4.4 3.2
5.4 3.8 5.4 3 4.4
3.8 2.8 4.6 4.8 4.8
5.8 5.5 5.6 2.2 4.6
4.8 4 3.8 2.6 4
5.8 5.8 5 2.6 5.6
4.8 5.2 4.2 1.6 4
4.4 3.8 3.8 5 3.8
5.2 5 5 3.6 4.8
5.8 5.2 5.2 3.4 5.6
4.2 3.2 3.4 2.8 3.2
6 5.2 5.4 4.2 4.8
5.6 3.6 5 1.6 5.2
5.6 5.8 5.4 3.2 4.2
4 3.6 4 3 3
4.2 2.8 3.8 3.8 2.2
5.2 2.6 2.6 4.2 3.2
6 3.4 6 1.2 3.4
5 4.6 5.6 4.8 5.6
5 5.6 3 2.8 4
5.4 4 3.8 2.2 4
4.4 4 5.8 3 5.6
5.6 4.4 4.6 4.2 5.4
3 3.5 2.4 4.6 2
5.4 6 5.6 1 4.2
5 4.8 4.4 6 4.4
5 4 3.6 3.2 2.6
5.6 3.2 3.8 2 4
5.4 5.6 5.2 1.6 5.6
5.2 4.2 4.8 2.4 4.2
3.2 3 3 3.6 4.2
5 4 4.8 4 3.6
4.8 4.4 4.2 4 3.8
5.6 5 5.4 3.2 4.6
3.2 4 4.4 5.8 3.2
5.4 4.6 5.6 2 3.8
4.8 4.8 3.6 2.6 5
5 3.5 4.4 5 4
5 4.2 4.8 3.4 5.8
4.4 5.2 5 3.8 3.8
5.4 4.6 4.8 2.2 5.4
5.4 5 4.4 4 4
4.2 4.2 3.8 2 4
6 5.8 5.8 1.8 4.4
5.4 5.2 4.4 2.2 4.4
5 4.8 5.8 2 2.8
6 5 3.8 2 5.4
5.4 5 5.2 1.2 3.6
4.4 3.4 3.6 4 3.4
5.2 5 5.6 2.2 4
5.2 3.2 5.4 2.8 5.6
5.8 3.75 5.6 2.8 5.2
3.6 4.2 3.8 4.2 3.2
5.4 3.4 4 1.8 5
5.6 3.8 2.6 4 3.6
6 4.67 4.2 4 5.6
6 4.75 4.2 4 5.6
6 5.8 6 1.2 4.6
4.8 3.25 3 3.8 4.5
5.8 4.6 3.8 3.2 5.75
5.4 4.4 4 1.8 4.6
6 5.6 4 1.4 6
5.6 5.8 4 4 5.4
4 4 3.6 2.8 4.2
4 5.8 5.2 3.67 3.6
4.4 3.6 4.2 4.2 4.8
5.2 3.8 4.2 4 5.4
5.2 5.8 4.4 2.4 6
5 5.2 3.6 3.8 5
5.2 6 6 2 5.2
4.8 5.6 4 3.8 3.25
4 3.8 3 5.4 3.8
4.2 4 5 1 4.8
3.8 2.8 2 5.8 2.8
5 5 4.6 2.4 4.6
3.8 4.8 3.8 3.8 3.2
5.6 3.2 5 2.4 5.6
2.6 4.8 3.8 5.6 4.2
5.8 4.8 3.6 4.4 5.6
5 4.6 4.2 2.2 3.8
3.2 3.4 2.4 4.2 5.4
5.6 5.4 3.8 4.4 4
5 4.6 3.4 2.2 3.2
3.4 3.8 2.8 3.2 4
4.8 3.2 3 2 3.8
5.2 5 6 1.8 5.2
4.6 4 4.2 2.6 5.2
4.8 4 3.8 3 5
5.6 5 4 3.8 4.4
5.4 3.4 4.8 3.6 4.4
4 4.6 5.8 3.75 5
6 5.4 4.2 2.8 3.8
5 3.6 3.6 1.8 5.4
5.8 5.4 3 2.8 5
4 3.6 2.6 3.6 4.8
4.4 5.2 5 1 4.8
5.6 4.4 5.2 1.4 4.6
4 3.6 2.4 4.8 6
3.8 3.4 3 3.4 4.4
5.8 4.8 4.8 3.2 4.6
5.2 5 5.6 5.4 3.75
5.2 5.2 4.4 1.4 4.8
6 5.2 3.6 2 5.4
5.6 4.2 3.8 3.8 5
5.4 3.2 3.2 3.6 4
5.2 5 4.2 3 4
1 6 2 5 6
4.2 5 3.6 4 3.4
4.8 3.8 5.2 5.2 4.2
1.6 2.8 3.4 4.6 4.8
4.8 5 4.8 2 4.4
4.75 2.8 5.8 5 3
4.2 4.8 3.4 4.6 2.6
5 4.4 5.2 5 4.2
4.4 3 4 4.4 3.4
4.8 4.4 5 3.6 4
5.8 4.6 4.8 2.8 5.4
2.8 4.2 3.8 3.75 5.6
5.4 5.4 4 3.2 5.2
5 6 2.6 4.4 4.4
4.8 3.2 4 1 4.2
5.5 5.5 5.5 3.5 4.5
5.4 4.6 4.2 3.6 4.75
4.5 5.2 4 4.8 4.8
5.75 4.6 4.8 1.4 5.2
4.6 4.4 2.2 3.2 4.6
4.4 4.4 4.4 2.8 5.8
4 4.4 4.6 4.6 4.4
4 3.5 3 4 3.8
5.4 3.6 6 3.2 5.6
5 3.2 3.8 4.2 4.4
6 3.4 5 5.6 4.6
5.8 6 5.8 1 5.6
4.6 3.75 4 2.6 4
5.8 4.5 5.6 2.2 5.2
5.2 4.2 5 2.4 4.6
5.4 5.6 4.2 4.8 5.2
6 6 6 1 5.6
4 3.6 3 5.2 4
4.2 3.2 3.6 5.2 5.4
5.6 5 3.4 3.4 4.6
3.2 4.6 1.8 2.4 4.8
6 5.8 4.6 1.6 5.4
4.4 4.2 4.4 3 5.8
5.6 4.8 3.8 4.2 4
5.4 5.2 2.6 5.2 4.2
4.8 5.2 5.2 2.4 4.2
5 3.8 3.8 4.2 3.6
5.4 5 5.2 2.6 5
4.6 4.2 5 5 5.4
4.6 4.6 4.8 1.8 5
3.4 4.2 3.2 3.8 5.4
4 3.2 3 2.6 5
5.6 5 4.8 1.6 5
6 5.6 4.8 5.2 4
4.8 4.6 5 2 3.4
3 4.4 3.6 4 3.8
5 4.8 4.6 2.6 3.4
3 5.6 3.8 3.6 5.2
3.2 3.2 3.8 3.2 3.4
4.2 2.8 4 2 3.6
4.4 5.4 4.6 2 5
4.2 2.8 4.6 1.4 4.8
5.2 4 2.8 2.4 4.6
5.2 5 5.6 1.5 4.2
4 4.8 2.6 4.6 4.6
5.4 5.2 4.6 2.4 3.4
4.4 3.4 3.4 3 4.8
4 4.6 4.4 1 5.4
3.2 5 2.4 4 3.8
4.8 5.2 3.2 4.2 4
5.6 5.2 5.2 3.2 4.8
5.6 4 5.8 5.2 4.4
6 5.5 5.2 1.8 5
4.8 4 4.6 2.6 3.8
4.6 4.6 3.6 3.4 4.6
5.8 5.2 5.2 2.6 4.6
5.75 5 4.2 4.6 4.8
5 4 5.6 2.4 4.8
5 3.2 5.8 2.2 5.8
5 5.8 5.4 3 5.2
4.2 4.2 2.2 1.8 5.2
5.2 5 5.4 2.8 4
4.6 4.8 3.6 4.4 5.2
4.8 4.2 3 3.2 6
4.4 4.5 3.8 1.6 5.4
5.6 5.8 5.4 2 5.8
5.4 4 4 2.8 4.2
3.6 3.6 3.2 5 4.6
5.2 5.6 5.2 3.75 4.4
4.2 4.4 5.2 4 5.2
5.8 4.8 4.8 1.4 4.2
4.2 4.2 4.2 2.8 3.4
4.6 4.6 4.8 4 4
4.6 3 5 1.4 4
3.8 4 4.6 3.4 4
4.2 3.6 3.2 3.6 3.8
2.8 3.2 5.4 3.6 4.6
3.8 3.6 3.8 3 4.8
4.2 4.2 4.8 5.2 4.2
4.6 4.8 2.8 3.4 4.6
5.4 4.6 5.2 2.4 4.4
4 3 3.8 3.4 3.4
5 5.2 3.25 5 4.2
3.4 3.6 4.2 4.4 4.4
3.4 3.6 4.6 3.8 5.4
5 2 4.4 3.6 4.4
4.4 5.4 3.8 3.4 3.6
3.8 4 4 4.2 4
5.2 3.2 4.8 3 5.2
5.2 4.4 2.8 3.4 5.2
5.8 4.4 5.6 2.6 5
4.4 3.6 4 3.4 5.2
5.6 5.6 5.8 2.2 5.8
5 4.6 3.6 1.4 3
5.8 4.8 4.2 3 5.4
4.6 5 5.2 3 6
4.8 4 4.2 2.8 4.2
5.2 5 4 4.2 5.4
4 3 2.4 4.8 4.4
5.6 4.6 5 2 5
4.8 5 4.2 3 5.4
3.6 2.2 4.8 5.2 4
5.4 4.8 2.4 3.8 4.4
3.2 3.2 3.4 2.8 3.2
5.4 3.4 5 2.2 5.2
3.25 3.6 3.8 3 3.4
4.8 4 5.4 3.2 6
5 4.6 4 3.8 5
4.4 3.4 4.6 2.4 4.2
4.8 5.6 4.6 1 5.8
4.2 2.6 1.4 5.4 4.2
3.4 4.4 4.8 3.4 4.2
4 4.4 4.4 2.4 4.8
3.6 3 5 3 4
4.6 4.6 5.4 2.6 3.8
4.6 4.2 3.6 2.4 4.4
3 4 3.2 5 4.2
4.6 4.4 4.6 2 5.2
4.8 3.6 5.4 2.4 4.2
6 4.2 4.8 5.2 5.2
4.2 5.6 4.4 3 5.6
5.2 3.8 4.8 2.4 4
3 4.2 4.6 1.4 6
2.4 1 2.2 4.6 1.2
3.6 3.8 3.4 3.8 5.4
4.4 5.8 4.8 4.6 5.2
4 3.2 3.8 4.4 3.8
5.2 3.8 5.4 2.8 4
2.6 5.6 3.6 2 6
6 3.6 5.8 3.6 5.2
5.2 4.2 5 3.75 5.25
2.4 6 5.8 2 5
4.4 3.8 4.8 3.4 4.8
4.4 5.4 5 2.2 5.8
5.8 5.4 5.6 3.2 3.8
5 4.6 5.4 2.6 4.6
5.2 5 5.4 3.2 4.6
6 4.8 4.8 1.8 4.8
4 3.2 4.6 4.4 5.2
3.8 3.2 3 5.2 2.8
5 4.4 3.6 1.2 4.6
4.8 3.4 5 2.4 4.2
5 3.4 4.8 5 4
4.6 4.8 4.8 2 4.8
3.8 3.4 4.2 3.8 4.8
4.4 2.2 3.8 4.2 5.6
4.6 3.2 5.2 2.5 4.8
6 5 6 3.4 6
5.4 5 5.4 2 4.6
4.2 4.8 4 3.8 3.6
4.8 5 5.6 1.2 5
4.2 4.4 4 2.2 3.8
4.2 4.4 3.8 2 5.4
5.4 5.6 3.8 1.6 2.6
4.2 5.5 4.8 2.8 5.2
5 4 4.4 1.2 3.2
5.2 5.25 4.8 3.4 3.2
5.2 3 3.8 5 4.6
3.4 4.8 4 4.4 4
4 3.8 4.4 4.2 4.8
5 4.4 5.4 2.6 4.6
5.8 5.4 5.6 2.6 4.8
5.8 5.8 4.8 4.2 5.2
4.6 3.4 4.6 5.8 2
4.2 4 3.6 4 4
4.8 4.4 5 1.8 4
3.6 4.8 4.8 3.6 4
2.8 5.8 4.4 1.6 5.8
2.4 6 4.2 1.4 5.4
4.6 3.4 4.2 2.8 4.5
4.8 4.6 3 1.2 4.6
4.4 2 4.6 2.4 3.8
3.2 1.6 4.6 2.6 5.25
5.8 4.2 4.8 3.4 5
5 3.6 4.2 4 5
4.6 3 3.2 3.6 3.2
4.8 4.25 4.6 2 4
5.2 3.8 4 5.4 4.4
4.8 3.8 5.25 4.8 5.4
4.2 2.4 3 5.2 4.6
5.4 5.4 4.6 2.4 4
4.6 4.2 2.6 3.6 4.4
5.6 5.2 5 3.2 5.2
4.2 4 5.2 1.8 4.6
5 5 4 4.8 4
3.8 2.8 2.8 1 2.4
4.75 4.4 5 2.6 5.6
4.4 2 4.8 5 3
5.4 5.4 4.4 2.8 4
5.2 2.8 4.4 5.2 5.8
6 5.6 5.6 1 4.8
5 4.8 3 3 4
3.6 4.2 3.8 3.2 6
5.4 5.4 5.2 4.2 4
2.6 4.6 4.2 5.4 4.6
4.6 3 1.8 2.6 4.6
5 5 4.2 2.2 4.2
4.8 4.8 5 2 5.2
5.4 4.8 4.8 2.8 5.8
4.4 3.6 3.2 1.8 5
3.8 3 2.4 5.2 4.4
3.8 4.6 5.2 1.6 5.4
5.4 4.4 4.4 2.2 3.6
5 6 5 4.2 3.8
5 2.6 2.4 2.6 3.4
3.2 4 2.6 2.8 5.4
5.2 4.8 5.2 1.8 3.8
5.2 3.8 3.2 3.6 5.2
5.4 3 4.8 4 4.4
4.4 5 3.2 2.8 3.8
4.4 4 4.4 2.4 4
4.8 4.8 1.8 4.4 3.2
4.6 4.6 5.4 3.6 3.8
3.2 4.2 3.6 4.6 4.8
3.2 6 4 1.8 4.2
2.2 3.6 2.2 4.2 4.4
3.4 2.6 3.4 3.4 5.6
5.8 5 4.6 3 5.6
4.6 2.8 3.4 5.8 5.4
5 4.4 5 2.4 5
3.6 4.2 2.6 2 4.2
3.8 2.4 1.2 3.8 3.6
4.6 5.4 5 4 5.6
4.6 4.2 5.6 1.8 4
3.8 4.6 3.2 1.8 5.6
4.2 3.6 3.5 4 4
5.2 5.2 5 2.6 5.8
4.8 4.8 4.6 2.6 3.25
4.4 4.8 3.4 3.2 5.2
4.25 5 3.6 3.4 3.2
5.2 3 3.6 5.2 4.8
4.4 3.8 5.2 3 3.4
5.2 4 4 3 4.6
5.2 3.8 4.6 2.6 4.2
5.2 4.6 5.6 1.4 5.8
4.6 4 5.4 2.8 3.6
5.8 5.6 4.6 1.4 5.8
4.2 5.4 1.6 4 5.6
4.6 2.8 3.2 4 3.6
3.8 2.8 3.6 4.8 5.4
4.4 3.2 3.6 2.6 5.2
5.8 4.4 5.2 2.8 6
4.6 5.4 4.8 2.6 4.8
4.6 3 5 4 3.8
4.6 5 5.4 2.4 6
4.4 3.6 3.6 4.2 4.4
5.4 5.4 3.4 3 5.6
4.2 3.5 4.2 2.8 3.2
4.8 4.6 4.2 2 5.8
5.6 4.4 5.2 4.8 4.8
5.8 4.8 4.6 4 4.8
4 2.8 5 2.8 4.2
3.8 5 5.8 2 4.8
5 2.4 3 4.8 2.6
2 5.2 2.6 2.6 5.8
4.2 5.2 2.8 5.8 3.4
4.4 3.6 3.4 4 4
5.2 6 5.2 3 4.2
6 4.4 4.4 4.6 2.2
3.2 1.8 3.4 3.6 4
5.6 5.6 5.8 1 5.2
4.8 3.8 3.75 1.6 4.75
5.6 4.6 5 3.8 2.8
5.4 5.4 5.2 4.2 5
4 2.4 1.2 3.8 3
3.8 3.8 2 3.6 3.8
5.4 5.4 3.6 2 4.6
4 5.4 4.4 3.2 5
3.8 4.2 4.8 2.4 5.8
5.6 4.4 5.2 3.4 3.8
4.4 4.4 3.6 2.8 3.8
4.4 3 3.4 2.6 4
3.8 4 5.6 3.4 4.6
5.4 3.4 4 5.8 4
5.4 4.6 3 1.4 5.4
4.8 4 4.6 3 4
4.8 5.2 4.4 4 2.8
4.6 3.8 4.2 2.6 4.6
4.6 3.8 3.2 2.4 4.4
3.6 3.6 5 3.4 4.8
4.8 3.6 4 4.4 3.8
4.2 5.8 3.4 4 5.2
5.2 3.4 3.2 2.4 3.2
4 4 2.8 3.6 4.8
5 4.6 4.6 2 4.4
5 4.4 4.4 1.6 5.6
5.2 3.6 4.2 3.8 4.6
5.8 3.8 2.6 3 6
4 4.6 4.2 3.4 4.2
4.6 3.2 4.6 2 5.4
5.2 3.8 4.2 3.4 5
4.8 2.6 3.2 5.4 5.2
3 3.4 4.6 5 4.6
6 4 5 1.8 4.8
5.4 3.2 4 4.2 4.6
4.6 2.6 4.4 2.6 4.6
5.6 5.6 4.8 4 3.8
4 4.4 5 4 4.8
4.8 4.6 3.4 1.8 3.2
5 5.6 4.6 4.4 4.2
5.8 5.25 5 1.8 4.75
3.2 5.4 1.6 6 2.8
5.6 4.75 3.6 3 5.6
5.2 3.2 2.6 2.6 4.8
5 3.8 4.8 2.6 3.6
5.4 3.2 4.4 3.6 4.6
5.8 5 5.4 4.2 6
4.8 5.8 4.2 3.6 5.2
5.4 5.4 3.8 3.6 4.2
6 4.6 5.6 1.8 4.8
5.4 2.8 3.4 3.2 3.8
4.8 4.4 3.2 1.8 4.6
4 5.6 4.2 2.8 4
5.4 3.2 5.2 4.4 5.2
4.8 3.8 5 3.6 5
4.4 3.8 3.2 2.8 4.4
2.6 3 2.6 1.8 5.2
5.4 4 4.8 1 5.4
4.8 4.2 5 4.4 4.4
4.6 6 5 2.2 4.8
5 4 4.8 5.2 5.6
4.8 4 4.2 1.6 4.4
4.8 3.8 4.6 2.8 5.2
5.2 3.8 4 4 4.8
4 3.6 3.2 5.2 5
3.8 3.6 2.25 5 3
3.4 4.4 3 4.2 4.4
5.4 4.8 4 3 3.8
5.2 3.8 3.4 3.4 3
4.6 2.2 4 2.8 5
5 1 3.6 5.2 5.4
4.6 4 3.2 5 5
5.2 5.2 5 1.2 4.8
6 6 5.4 1 5
4.8 4.6 4.4 3 4
5.4 4.2 5.2 3.4 5.2
5.6 5.2 4.8 2 5
4.6 4.8 2.8 1.6 5.6
5.75 4.25 5.2 3 3.8
3.4 4.4 2.6 4.4 4.8
5.4 2.8 5.4 2.2 5.6
4.4 5 3 3.6 3.8
4.8 5.4 4.6 1.4 5
5.2 3.6 4.8 3.6 3.4
5.2 3.8 4.8 2 3.6
4.4 5.6 4.8 2.4 4
5.2 3.2 4.4 5.8 4
5 5.2 5 5 5.4
5.4 5.2 3.4 2.8 3.6
5.4 4.6 4.8 3.4 4.6
5.8 4.6 5.4 1.8 4
4 3 4 4.4 4.2
4.4 3.4 3.8 4.2 5.4
4.6 5.6 4 4.4 4.4
6 4.8 5.5 1.6 5.8
4.6 5.2 5.2 1.4 6
4.8 5.2 3 2.2 3.2
4.4 6 5.6 3.4 4.8
4.6 3.6 1.8 4.8 4.2
2 4.8 2 1.6 3.4
4.6 3.4 3.2 2.8 5
4.4 3.4 4.8 2.75 3.2
6 3.8 5.2 2.4 5.2
5.6 3.4 5 2 5
3.4 4 1.4 4.4 3
4.8 4.6 3.8 1.6 4.2
4.2 3.6 3.2 2 4.6
4.6 4.2 3.8 2.8 4.8
4.8 4.2 5.4 4 5.8
4.2 4.4 3.6 1 5.5
3.6 4.8 3.4 2.4 3.4
5 5.4 5.6 1 4.8
3 4 2.6 4.6 4.4
5 5.2 4.4 3.6 5.2
3 4.8 4 3 5.4
6 6 6 2.4 5.6
3.6 4.8 3 3.6 5.6
4.8 4.8 5.4 3 4.2
3.4 4.4 4.75 3.6 4.6
5.8 4 6 2.8 5.4
5 5.6 4.6 4 5
5 3.2 5.6 4.6 5.6
1.4 3 1.6 1 4.6
4.8 5.2 3.6 2.8 4.2
4 3.4 3.5 2.6 3.4
4 3.6 2.6 4.8 4.8
5.6 6 3.2 2.2 4.6
5.6 3.2 3.6 3.6 5.4
4.8 5.4 4 1.4 5
4 3 3.4 3.6 5.4
2.2 4.6 4.6 3.4 5.4
4 4.8 2.8 1.4 5.8
4 3.6 2.4 1.8 4.6
4.4 3.8 3.2 4.2 5.2
4.8 4.6 5 3.8 4.4
4.6 3.75 5 1.8 5.2
2.2 4.4 3.8 2.2 4.6
3.8 4 3.8 3.8 5
2.6 3.8 4.2 4.6 2.8
5 3.6 4.8 1 5
3.6 2.8 3.2 3.2 4.6
4.4 3.2 3.6 2.2 6
5.2 4.4 4.2 5 5
3.4 5 3.8 2.4 4.8
5.6 5 4.4 2 5
4.8 4.6 4.2 4 5.8
3.6 3.6 3.6 2.4 3.8
5.6 4.6 4.8 1.8 4.6
6 3.2 5.4 1.4 3.8
5.4 5.6 5.4 1.4 6
6 5.4 5.4 1.4 4.8
4.6 3.6 5.6 2.8 3.4
4.6 4.2 2.8 1.8 3.8
4.6 4.8 5 2.6 3.2
4.2 4.2 3.2 2.8 5.2
5.2 5.2 3.8 4.4 4.6
6 5.6 6 2.6 5.2
3.8 3.2 2.6 1.6 5.4
4 3.8 2.6 4.6 5
4.6 2 5.2 3.2 5.6
2.6 2.6 3 5.4 4.4
5.8 5.4 5.4 3.6 5.4
5.2 2.4 3.4 3.8 5.4
4.6 3.2 4.2 2.4 5.4
5.75 3 5.6 4.2 4.4
3.6 2.4 2.8 3.8 3.6
5.8 5.2 5 5.4 6
4.4 4.6 1 2.6 4.2
4.4 4 4 2.6 4.4
5.6 3.8 3.8 3.6 5.2
3 4.2 3.4 4.6 5.4
5.75 4.6 5.8 1.2 5.8
3.8 3.4 2.6 2.8 3.8
5.8 3.8 3.6 4 5.8
5.2 5.6 5.2 1 5.6
4.4 4.8 3 3.4 4.6
4.8 4.6 5.4 2 5.6
4.8 4.6 4 5.4 3.8
4.2 3.6 2.2 2 5.4
4.4 3.2 2.8 2.8 2.6
2.8 4.8 2.8 2.6 3.2
4.2 3.4 1.2 2.6 4.2
3.6 5 4.2 3.6 5.8
4.4 3.6 4 4 4.4
5.4 4.2 3.5 2 5
4.4 3.4 4.6 2.2 5.2
3.5 3.5 3.5 3 3.5
3.6 3.4 3.8 3.4 5.6
4 3.8 3.8 3.8 4.8
4.4 3.2 3 3.2 4.8
4.4 2.2 3.6 2 4.8
5 5 6 3.2 6
5.2 5 5.2 1.6 5.2
4.6 3.8 4.6 3.2 4.6
5.4 5.4 4.6 3.4 2.8
5.4 3.8 4.2 1.4 4.6
4.6 3.8 3.8 4.4 2.8
5.4 4.6 4 3.2 4.6
4.6 6 5.4 4 5.8
5 5.4 5.4 1 5.8
5 5.4 3 2.4 5
6 5 3.8 2.8 4.4
6 3.6 4.4 2.4 4.2
6 5.6 5 2.4 5.2
6 5.2 6 1 5.8
4 3 3.4 1.4 4.8
4.4 4.5 4.4 5 3
3.4 3 1 3.2 5
4.4 5.4 4.6 1.8 3.6
3.8 3 3.4 4 3.75
4.8 3 3.4 3.2 4.4
5.2 4.8 4.6 3.2 4.2
4.6 3.2 2.6 5.4 3.6
4.2 4 3 4.8 4.2
4.2 3.4 4 5.8 5.8
3.8 3 1.4 2.8 5
5.6 3.4 3 2.6 3.2
5.4 5.25 5.4 1 5.4
6 5.6 5 1.4 5.2
5.4 2 5.6 5.5 4.8
5.4 3.6 4.2 3.6 3.6
3.4 5 5.6 2.6 4.2
4.2 3.8 3 1.6 4.4
4.6 3 5 3.4 4.4
2.6 5.8 3.2 3.4 5.8
5.2 5 4.8 2.4 4.8
2.6 5.2 1.8 2.6 5.6
5.2 3.6 3.8 4.75 4.6
5.6 3.4 5.8 1.8 4.75
2.8 5.8 4.8 3.8 5
4.8 2.4 4.8 3.4 5.6
2.8 3.8 3 3.4 6
5.4 2.4 5 2.6 4.6
3.6 2 3.8 2.8 5.2
4.6 4.6 4.8 2 4
3.8 3.6 3.4 2.4 4.6
5.75 4.4 5.8 2.2 5.6
4.6 3.4 4.8 4.6 5
4.4 4.4 3.8 4 4.2
4.8 4.4 3.4 1.8 4.8
5.4 4.4 3.8 2.6 4.8
4.2 4.4 5.6 2.8 4.8
5.8 4.6 5.6 4 5.4
5.2 4.6 3.6 2.2 4.8
5.8 3.8 4.2 1 5.6
4.8 3.6 4.2 4.6 3.4
4.6 2 5 3 4.8
5.4 2 5.6 4.4 5.2
5.6 6 5 1 4
2.4 2.2 1.2 3.6 4.8
4 3.2 3.8 3.8 4.2
5.6 4.2 3.4 5.8 5.6
3.4 3.4 3.4 4.4 4.2
2.6 4.4 3.8 2.2 4.6
3.6 4.4 4 2.8 4.8
4.8 3.4 4.8 3.2 5.2
4.8 3 4 3.6 4.6
5 4.2 4.8 3 4.8
5.2 3.8 4.6 3.8 5.2
5.4 5 4.8 2.8 5.4
2.6 3 1 4 4.2
4.8 3.8 5 1.8 5.4
3.6 4.8 4 2.8 3.6
4 3 3.6 1.8 3.8
5.4 5.2 4.4 2.2 3.8
5.4 2.2 4.8 1.6 5
5.4 5.4 4.2 4.8 5.2
3.8 4 4.4 3.6 4.8
5.6 4.6 4.4 1.8 5.8
2.2 2.4 2.2 4.2 3
5.6 5.2 5.2 5.4 5.6
5.4 3.2 4 2.4 4.4
5.6 5.8 5.6 2 4
4.75 4.8 1.4 5.4 3.8
4.8 4 5.6 1.2 5.8
3.4 4.8 4.2 2.6 4.4
4.6 3.8 4 3.8 4.4
4.6 1 3.4 6 5
5 3.2 5.2 4.2 5.6
5.4 5.2 5.2 2.2 4.8
5 4.4 5.8 2.2 5
2.6 1.2 2.4 4.6 5.6
5.2 3.6 2.6 3 4.6
5 5 4.2 2.4 5.2
3.6 2.8 2.8 4.4 4.2
4 3.2 3.75 3.8 4.5
4.8 3.2 5.2 3 4.8
5.8 4.8 3.8 3 5.2
3.4 2.4 4.4 3.75 3.6
6 3.8 4.8 2.8 4.6
5.8 4.6 5.8 2.4 4.4
5 2.8 4.4 2.8 4.2
3.4 3 1.8 5 3.2
5 5.5 4 2 6
4 4 2.8 4 5
5 5 4.4 1.4 4.4
4 2.4 4.6 5.4 4.2
4.6 5.2 4.2 1 5.4
4.8 2.4 2.4 4.6 4.4
4 5 4 5.4 5.6
4.4 2.8 2.25 4.2 4.6
4.4 4.8 5.2 1.6 5
5.4 5.4 5 2.4 5.8
4.2 3 2.4 4.6 4
5.4 3.8 5.4 3 5.2
4.8 4.4 3.6 5.8 4.75
3.6 4.8 3.2 4 5.6
3.8 4 2 2.4 5.25
5.4 4.8 4.4 1.6 5.2
4.4 4.6 4.6 3.6 5.4
3 4.8 2.6 3.8 3.8
5 5.5 4.6 2.6 4.6
6 5 5.6 2.6 4.4
5.8 4.8 4.6 1.4 5.2
4.4 5.6 6 1.4 4.8
5.8 5.75 3.8 1.2 4
4 4 2.6 4 4
4.6 3.6 3 6 5.4
3.6 3.6 4 2.5 4.2
5.2 4.2 4.6 1.2 5.2
4.8 5.2 4 3.2 4.4
2.8 4.2 5.6 3.4 3.4
4.2 3.8 5.4 1.2 4.25
4.8 4.2 4.4 2.4 3.8
6 4.6 5 1.8 5.6
4.4 4.8 4.4 2.2 5.2
3.6 3.6 3.6 2.4 3.8
3.4 4.8 4 4.6 3.6
3.4 4.8 4.6 1.6 4
4.2 4.4 4.4 2.2 3.6
5.2 4.6 5.2 3.2 5
6 6 4.4 6 6
3.4 4.8 4.4 1.2 5.8
4.8 5 3.8 1 3.8
5.8 3.4 4.8 4 5
5 4.6 3.6 2.8 3.8
5.4 3.6 4.4 3.8 3.8
4.6 3.4 3.8 5 4.8
4.2 4.4 4.8 1.8 4.6
5.6 5.6 6 1.6 5.6
5.2 3.8 4.8 2.4 5.4
3.2 5.2 4.4 2.6 5.8
5 4.2 5.2 2.4 4.4
5.4 3.6 4.2 5.2 5.2
5 5.4 5.4 2.8 4.2
4.4 2 2 4.8 3
5 4 4 2.2 4.4
5 3.4 2 4.8 4.2
4.2 5.2 4.6 1.6 4.2
4.6 3.6 4.4 3.8 3.4
4.2 5 1.8 1.6 3.8
5.4 3.6 3.8 2.4 4.6
4.2 5.2 3.4 5 4.6
4.6 5.2 4.8 2 3.4
5 3.8 4.2 2.6 4.2
4 3.8 3.8 4 4.8
4.5 4.4 4.6 4 4.2
4.5 4 3.8 4 4.2
4.2 3.8 5.2 2 3.4
3.6 5 2 2.8 4.2
4.2 2.6 2.2 2.8 3.4
4.2 4 4.6 2.4 4.2
4.4 2.6 4.2 4.6 4.6
2.8 2.8 1.4 4 5.4
4.8 4.4 4 4.2 4
3 1 3.4 5.2 3.8
4.6 3.2 3.2 3 5.2
5.8 4.6 5.4 2.4 4.2
5 5.4 2.2 3.6 3.4
4 4.6 4.4 1.4 5.4
4.8 5.4 4.6 1.4 5.2
5.2 3 4 4 5
3.2 3.8 2.6 2 5.8
2.6 2.8 1.2 3.8 2.4
6 3.8 4 2.2 4.4
4.6 4.6 4 3 4
5.4 5.6 4.6 2 5.6
3.8 6 5 4.8 5.6
5.6 4.2 4 2.6 4.8
5 5.6 6 2.2 5.2
4.4 5 4.8 4.2 4.6
3.6 4.2 4.6 2.8 5
4.8 3.8 4 2.2 5
4.6 3.8 4.4 2.25 3.25
6 3.8 4.4 2.6 4
4.4 4.6 5.4 1.8 6
5.4 4.4 5 1.2 4
5.2 5.2 4.2 1.6 5.2
4 4.8 3.8 3.6 4.8
4.6 2.4 4.6 2.6 3.6
4.2 3.8 2.8 3.6 4.6
5.2 5.2 4.8 1 4.4
3.8 4.4 3.4 2.6 3.6
5.2 5.2 4.6 2 5
2.8 2.8 4 3 3.4
4.6 5.2 4.6 3.2 4.8
4.4 2.4 4.8 3 3
4.8 2.6 1.6 6 4.2
4.4 3.8 3.2 2 4.2
5.25 4.6 4.2 5.8 4.2
4 3.2 4 3.4 4
4.8 2.4 5.2 5.4 6
4 3.8 3 4 3.2
5 3.6 4.8 2.8 5
5.2 5.8 4.2 3.2 4.6
4.8 3.33 5.2 2.4 5.2
5.75 4.8 3.6 2.2 3
5 4.6 4.2 4.2 5
4.8 4.6 5.2 3 4.4
4.6 3.4 3.75 3 4.2
4.8 4.8 5 2 4.4
4.2 3.2 6 4 5.4
4.2 4.8 4.6 5.8 5.4
4 2.4 2.6 3.6 4.2
5.6 5.6 5.4 2.4 4.6
3.8 5.6 6 2.2 6
5.4 4 3.8 2.4 4.2
5.4 4.8 3.8 4.4 4.8
5.25 4.8 5.4 3.6 4.2
5.2 4 5.5 3.2 5.6
4.8 5 4.8 1.8 5.2
4.4 3.2 2.6 2.2 5.6
4.8 5.6 2 3.6 5.4
2.8 4.8 2 2 5
3 5 3 1.8 5.2
3.6 3 4.4 5 4.4
5 3.8 2.2 4.4 4.8
4.2 3.8 3.8 3.8 4.4
4.2 5.6 5.2 2.6 4.8
5.8 6 3.6 3.6 4.2
5 5.2 2 5.2 5.4
5.4 4.6 5 2 5.4
4.4 4.8 4.4 3.8 4
4.6 3.4 4.4 1.6 5
6 5.4 4.8 3.4 4.4
5 4.4 3.8 1 4.6
2.2 6 3.8 1.2 5.6
5.6 3.8 4.4 4.4 3.6
6 2.6 5.2 2 4
5 4.8 5.6 1.25 5.6
2.6 4.6 3.4 2.6 3.8
4 3.6 4.2 1.6 4.6
4.2 5.4 4.6 3.2 4
6 5.6 4 1 5
5.4 2.4 5.6 2 4.2
5.8 3 6 2.6 4.8
5.6 3.6 4.8 2.4 5.2
4.8 6 2.8 1.2 4.8
1.2 4.4 1.4 2 4.4
5.8 4 5 1.6 4.8
4 3.6 3.8 2.2 3.25
6 5.4 5.2 2.4 4.6
4.6 2.6 3.6 5 3.6
5.8 4.8 5.8 4 5.8
5.8 4.8 4.2 2.8 5.4
4 2.8 3.8 3.6 2.8
3 2.6 3.6 2.6 3.4
5.8 4.4 4.4 4.2 4.4
5.2 4.6 4.4 3.4 4.6
5.6 5.4 3.6 2.6 4.2
4.2 4.2 3.6 5.4 4.2
5 4.4 4.2 4.6 5.2
5.8 3.8 4.5 5 4.4
2.4 4.2 3.6 5.2 5
3.4 3.4 3.6 2.2 5.4
3.6 5 4 3.8 4.4
1.8 2.6 1.8 5.4 4.4
4.4 5.6 4 3.6 4.6
5.8 3.4 4.4 2.2 5.2
5 5 5.4 3 4
4.4 4 2.6 3 5
2.8 4 5.4 5.8 4.8
4.4 4.8 2.8 3.8 4.8
4.6 4.6 4 2.4 4.2
3 3.6 2.8 2.2 4.2
5.6 2.8 5.4 2 4
4.2 4.2 3.6 2.2 4.8
3.6 4.4 4.2 5.8 6
4.8 2.8 5.2 4.2 5.6
4.8 4.8 4.8 2 4
5.4 4 5 2.8 5.6
5.4 3.25 3.8 2 5
5.4 3.8 4.8 4.2 5.2
4.4 3.8 4.8 5.4 4.4
4 5.8 4.2 3.8 3
4.4 4 3.2 3.8 4.4
5.2 3.4 4.8 4 5.4
5.2 4.2 4.4 1.8 4.8
4 5.2 3.6 3.4 4.4
5.8 5.6 4.8 2.4 4.6
3.2 2.6 2.2 5 3.2
4 5.6 4 2.4 4.2
2.8 3.6 1.8 4 3.8
5.2 4.2 3.8 2.8 3.8
2 3 3 1 3
5.6 5.6 5.2 3.8 5.6
6 4.8 5.8 1.6 6
5 4.6 5 3.6 5.2
4.75 3.8 2 2.8 4.6
5.2 5.8 3.4 5.2 3.6
4.2 5 3.2 1 5.8
3.4 5 2 3 5
5.2 4.4 5.2 4 5
2.8 3.6 1.4 3.8 5.2
3.6 4.8 1.8 3.4 3.8
3.4 4.4 2.8 4.8 5.4
4.2 3.6 4.4 4 3.4
2.8 4.4 1.6 3.2 4
3.8 2.4 2.4 2.4 4.6
3.8 4.6 4.4 2.6 5
5.2 4 3.4 4.2 5
5.2 4.8 5 2 4.2
3.8 5 5.2 1 6
5.6 6 5.2 1.6 5.6
2.8 2.6 1.6 4.4 3.4
4.6 4.2 2.4 3 5.2
3.8 1.8 1.4 3.2 3
3.6 3 3 4.2 3.4
5.2 5.2 3.6 1.75 4
4 5.4 2.2 2.8 3
5 4.6 5.8 2 5.6
4.6 5.4 3.6 2.8 5.2
4.6 4.4 3.2 2.2 4.8
2.6 3.4 2.2 3 5.6
5.2 5.2 5 3.8 3.4
4.8 2.8 2.6 2.6 4.4
5 2.4 4.6 3.8 4.4
3.2 3.4 1.75 4 4.4
5.8 3.2 4.6 2.8 5.4
3.8 3 2.6 4.2 2.2
5.8 5 5 2.8 5
4.6 5 4.2 2.8 4.6
5 3.2 2.8 4.2 4
4 3.6 3.6 5.6 3.8
2.6 3.8 4.2 5.6 3.8
5.2 4.8 5.4 3.6 5
4.6 2.2 5.2 2.8 5.2
4.6 3.8 3.6 3.4 6
3.8 3.4 2 2.5 4
3.6 3 2.8 5.6 4.2
2.6 4 2 1.4 4.2
5.2 3.6 5.2 2.4 4
5 4.8 5.2 3.2 4.4
4.6 4.2 3.6 2.4 4.8
4.8 1.8 1.8 6 4.2
5.4 3.8 5 1.6 3.8
4.4 4.2 2.6 3.6 4.2
5 5.2 2.8 3 4.6
5.4 4.4 4.8 4.6 5.2
5 5.2 5.4 2 4.4
3.6 4.6 4.25 1.4 4
3.4 5.2 3.4 3.8 5.2
5.6 4.4 4.8 2.4 5
4.4 3.2 5 3 6
5.4 3.8 4.4 3.6 4.6
4.2 3.6 4.6 2.4 5.2
5 3.4 5.5 5 3.5
4.8 5 3.2 3.6 4.4
5.2 5.8 5.2 3.4 5.4
2.2 3.4 2 1 5.4
3.4 3 2 1.4 5.4
2.4 4 3.2 3.8 3.8
4 5 4.8 3 3.8
4 4 3.6 3.8 4.2
5.6 5 5 1.2 4.8
5.4 4.4 5 3 4.4
4.2 5.6 4.8 3.2 3.8
4.75 4.4 4.2 4.4 4.4
3.2 4.4 3.2 3.2 5.6
3 4.4 3 2.8 5.6
5.6 1 3 5.8 6
5.8 4.6 5.8 2.8 5.2
3.8 3.8 4.8 2.6 6
5.4 3.4 5.4 3.2 6
5.4 4.8 5.2 1.6 5.4
3.4 2.6 4.8 4.8 3.4
4.8 4.2 4 3.2 5.4
4.2 4 3.2 3 3
4 5.6 4.2 3.6 5.6
4.8 3.2 3.8 3.2 5.4
4.6 3.6 3.6 6 3.6
5 5.4 4.4 3.2 4.2
4.8 3.2 2.2 5.2 5.2
4.6 3.4 5.8 4.6 4
4.2 4.2 4.2 3.6 5.6
3.8 5.2 1.4 2.6 5.6
4.2 5 4 1.4 3.8
5.4 4.4 5.25 3.6 5.2
3.8 5.6 5 3.6 5
1.8 1.4 1.6 5.6 3.8
5.4 5.8 5.2 4 5.4
4.2 4.2 4.2 4.2 5.4
3.2 3 4 5.75 4.6
4.4 4.2 5.4 2 5.8
4 3.2 3 5 5.2
3.6 3.4 5 2 3.25
5 4 4 1.8 4.4
2.8 2.8 4.4 3.4 4.8
4 4.6 2.8 1 5.4
5.4 2.8 5.4 4.6 4.4
4.8 2.6 3.6 4.4 3.6
4.8 4.2 4.4 4.4 4.8
5.6 4.25 3 3 4.4
5.4 3.6 2.6 3.4 3.8
4.4 5 3 6 4.8
4.4 5.6 5 1.6 4.8
5 2.8 4.8 3.6 4.4
3 2.8 4.6 4.2 4.6
4.4 4.6 4.4 2.2 3.4
5.8 4.6 4.8 4.6 5.4
3.8 4.8 4.8 3 4.2
6 4.8 5.4 1.8 4.8
5 2.4 3.4 4.2 2.6
2.6 4.4 2.4 4.2 2.4
4.2 4.2 4.2 4.4 4.4
4 4 4.2 4.6 3.6
5.2 5.6 4.8 2.2 5.6
3.6 3 4.2 3 5
4.8 4 4.6 2.6 4.8
4.4 3.8 3.8 5 3.8
5.4 4.6 5 5.2 5
4.2 4.25 4.6 4.2 5.4
6 3.4 4.4 2.4 5
4 4.4 3.4 2.2 5.8
4 4.2 4 6 4.6
4 5.4 4.4 1 4.8
6 4 4.8 3.8 5.4
4.6 4 4.4 5 4.4
4.6 5 4.4 4 5.4
4 4.4 3.6 4 5.4
4 5.8 3.6 2.6 5.4
4 5.4 3.6 2.6 5.4
4 5.4 3.6 2.2 5
4 5.4 3.6 2.8 5.6
4 5.4 3.6 2.2 4.6
4 5.4 3.6 3.2 5.6
4 5.4 4.6 3.2 5.6
3.4 4.2 3.6 2 2.8
4 4.2 2.4 5.2 4
4.4 4.4 4.6 6 3.2
5.2 5 4.8 4.6 5
4.4 4.2 3.2 3.2 3.8
3.8 3.6 3.8 4.6 4.4
4.6 5.6 4.5 1.8 3.8
5.4 5.4 5 1.4 4.6
4 4.6 4.4 3.2 4
5.4 3.6 5 1.5 5.6
4 4.4 3.2 2.4 3.8
3.6 4.2 3 2 4.4
5.2 5.4 5 1.4 3.8
3.2 3.4 2.8 2.6 5.6
4.2 3.8 4.8 1.8 3.4
3.2 4.4 3 4 5.8
4.4 3.2 3.2 2.6 3.4
3.6 4.4 3.6 3.8 3.8
5 4.6 5.4 2.4 5.2
4.6 3.2 3 5 3.8
2.8 4.8 5 2.2 5.4
2 3.6 3.4 3.6 4
5.2 5.6 4.8 4.2 5.6
5 4 4.4 3 5.6
4.8 4 4.2 2.6 3.8
5.4 4 4 4 6
3 3.6 4 3.8 6
3.8 4.4 3.6 1.8 5.2
5.6 4.6 5 1.8 5
4 4.4 4.4 4.4 5.6
5.2 4.4 3 4 5.2
5.25 3.6 2.8 5.4 4
6 6 4.8 2.8 4.8
5 4.8 4.25 4 4.8
5.4 6 5 2 5.4
3 5.8 2 3 4.6
5.2 3.4 4.4 2.8 5.6
4.6 4.6 3.4 2.2 4.8
4.8 5 3.2 2.2 4.4
4.6 3.8 3.4 3 4.4
4.2 3 4.4 4.8 5
3 5.4 5.4 1.2 6
4.8 5.2 4.8 2.4 5
4 3.8 3.8 3.6 4.75
4.4 4 3.4 2.8 4.8
5.2 4.4 5.4 1.8 4.6
6 4 5.6 1.4 4.4
4.2 2.8 4 4 3.8
3.6 3.6 2.6 1.6 4
3.6 3.6 3.8 3.8 3.2
3.8 3.4 4 4 4.2
5.4 4.8 5.4 2.2 5.6
4.4 3.6 4.4 2.4 5.2
5.25 4.8 3.2 4.2 5
4.2 2.8 1.4 4.4 4.2
3.4 3.8 2.8 2 4.4
4.2 4 4.8 3.25 5
2.8 3.4 4.6 1.8 5.6
5.2 5.8 5 2.4 5.4
4.8 5.6 5.8 2.2 5.2
4.2 3.8 4.2 2 4
5.8 2.25 4.4 2.4 3
5 5.2 5.2 2 4.4
4.2 2 2 4 5
5.8 4.4 4.8 4 4.2
5.2 5.2 3.8 3.6 4.6
6 6 6 1 6
5.8 2.2 4.4 1.4 4.6
5.2 4.6 4.2 2.2 4.5
5.6 4.6 5.4 2.2 5.4
5.2 2.4 5 4.8 3.8
3.2 4.8 3.4 3 4
3 4.4 2 4.4 5.8
4 3.4 4.6 5 4.2
5.4 3.8 5.4 2.6 4.4
4 3.5 4.33 5 3.5
5 4.6 5 2.4 5.2
4.4 4.8 4 4.4 3.8
4.4 3.8 4 3 3.8
4.2 2.6 3.8 4 3.8
6 4.6 5 3.2 5.2
5.2 3.8 3.6 2.6 5
3.5 3.2 3 1.8 3.2
5.8 5.4 5.6 3.4 5.6
5.2 5.4 4 1.2 3.2
5.4 4 4.2 2.8 5
5 3.8 4.2 4.6 4.8
3 3.8 3.2 2 6
4.6 5.8 4.6 2.8 6
3.8 3.4 5.2 4 3.8
5.2 4 4.6 4.2 4.6
4 3.2 5 3 3.8
5.4 3.6 4.6 4.4 5.6
6 4.8 5 1.2 4.6
4 4.4 4.5 3.4 3.8
4.8 4.2 5 4 3.6
4.8 4.4 5 3.8 4
4.4 4 5.8 1.4 4.8
5.2 3.8 3.8 2.4 4.4
3.8 5 5 2.4 4.4
4.2 3.8 4.2 5.4 3.6
6 3.8 5.4 3.8 6
4.6 3.2 4.6 5 5.2
3.4 3.6 2.6 4.8 5.8
3.4 5.6 3.6 3.2 3.6
5.8 5 4.6 4.2 5
3.6 5.2 5 3.4 4.6
3.6 2.8 6 2.4 5.6
5.2 3.6 3 5.2 4
4.8 4 4 3 3.8
4 4.4 3.75 2.6 3.4
5.6 6 4.8 1.4 4.8
4.8 3.6 3 5.2 5.4
6 5.2 6 2.2 4
4.5 3.2 3.4 2 5.2
4.6 3 3.8 5.6 3.4
4.6 4 3.8 2.2 4.6
3.2 4.2 3.2 2.4 4.8
3.6 4.6 5 3.2 5
4.6 5.4 4.5 1.4 6
2.4 4.2 3.4 3.2 4.2
4.8 4.4 3.4 4.6 4.8
6 6 5.6 4.8 5.2
4.8 4.6 5 2 4.2
5.4 4 5.2 4.4 4
5.8 5.6 4.8 1.2 4.4
5.2 5.2 4.4 1.6 4.4
4.8 4.4 3.8 4.2 5.6
4.2 3.2 4.4 4 4.4
4 3.6 2.4 4.4 3.2
4.8 4.8 5.6 2.6 4
4.6 3.8 3.4 2.4 3.6
4.4 4.2 4 3.4 5.4
5 3.6 4.2 3.6 3.4
3.6 4.2 3.8 2.6 3.2
3.8 5.2 3.6 2.8 4.4
3.4 4 2.8 4 5.2
5.75 5.4 5 2 5.8
4.4 3 5 4.2 5.2
5.6 4.2 5.4 1 3
4.8 3.6 3.8 2.8 3.8
4.8 3.6 3 4 4.6
5.2 4.2 3.4 2.2 3
4.4 3.2 4.6 3.6 3.8
5.6 3.2 4.2 2.6 5
6 6 5.2 1.8 5.8
3.4 2.8 4.6 1.8 5.2
4.4 4.4 2.6 1.2 5.4
2.4 2.8 3.4 5 5.4
6 5 6 1 4
4.8 5 3.4 5 4.8
5 5 4.4 5.75 5
3.4 4 2.6 4.2 3.4
4.4 2.6 4 1.8 5.4
5.2 2.8 4.6 4.8 3.2
3.6 5.2 2.4 4.6 6
4.4 3.2 4.8 3 4.4
5 4.4 4 4 4
5.6 3.2 4 2.8 3.8
5.8 5.2 4.4 3.4 5
4.4 3.4 4.8 2.2 4.6
4.4 3.6 5 2.2 4.6
4.8 3.6 5.2 2.2 5
4.4 3.6 5.2 2.4 5
4.4 3.6 3.6 4 4
4.4 4.2 4.6 2.8 4.6
5 4.2 5 4.2 5.8
3.4 5.8 3.6 3.2 4.6
5.6 3.6 5.2 2 3.4
5.4 4.2 4.6 3.2 5.2
3.6 3.8 2.8 4.8 5.4
4.8 3.4 2.2 1.8 4.6
3.6 4.75 2.2 2.5 4.25
5.4 3.2 3.6 2.8 4.2
5.6 3.8 4.6 3.8 3.8
5.6 5 4.8 5 6
5.8 5.2 3.8 3.6 5
5.8 5.8 4 1.6 5.6
3.2 5.6 4.4 2.6 5.4
1.8 4.8 3.2 6 5.4
5.2 5.6 4.6 3.4 5.4
5.4 2.4 4 1.6 4.8
4.8 2 3.4 2.4 3.8
5.2 5.4 5.2 1.4 5.2
5.8 6 4 5.6 4.8
6 5.4 4.6 1.4 5.4
3 2.8 4 6 3.2
5.2 4 4.4 4.2 4.2
5 3.2 3.6 3.8 3.6
5.6 2.6 2.8 4.6 5.6
6 5.2 4 4 3.6
4.6 2.4 5.5 5.4 3.6
5.4 3 5.6 4 3.6
4.8 4.8 4.8 3.6 4
4 4.6 1.8 3 5.8
5.2 3.2 5.4 4.2 4.4
3 3.4 3 1 3.2
4.6 5.2 4.4 4.4 4.4
5 4.6 3.6 2.2 3.2
5.4 4 4.2 2.2 4
4.2 4.8 3.4 2.8 4
5.4 4.8 5.25 1.6 5.4
3.8 4.2 4.2 4.8 4
5.4 3.5 3.4 2.8 5.4
4.8 5.2 2.6 5.4 5.4
5.6 4.8 5.4 2.4 4.6
4 3 2.6 3.4 4.6
3.8 3.4 4.6 4.6 5
4 4.6 3.2 4.2 5
5.6 5 5.4 1.6 4.8
4 4.6 4.6 6 5.2
4.6 5.6 5.6 1 4.8
1.8 3 3.6 4.6 4.2
4.6 3.4 4.4 3.6 5.6
5.4 5.4 3.4 3.4 6
5.6 4.8 5 2.6 3.6
4 3.2 3.4 4.4 4
6 3 4.6 6 6
4.4 4.2 4.4 2 5.2
3 3.8 3.4 3.4 4.8
5.4 5 4.8 4.4 5.4
4.4 5 3.6 4.2 5
5 3.4 4.4 3.6 5.2
4.8 4.4 5.6 2.2 3.8
5.2 5.4 5.6 1.2 4.2
5.6 4.2 5.8 2.6 5.6
4.6 5 5 4.4 4.8
3 4 4 5.4 4
5.8 4.6 5.4 2.6 4.6
4.8 4.8 5.2 2.6 4.2
6 4.8 4 3 5
5.2 4.4 4.4 4.5 3.8
4 4 4 3.4 4.2
3.8 4.2 4 2.2 6
5.4 3.6 3.6 4.6 5.4
4.6 5 2.6 4.6 5.8
5.6 5 2.4 3.2 4.4
4 3.8 5.4 4.25 4.2
6 5 5.6 2.4 5
4.8 4.4 4 2.6 2.6
6 4.4 5 2.6 5.4
5.4 2.8 5.8 1.4 3.8
4 5 5.2 4.2 4
3.6 3.6 1.75 3.8 3.4
5.4 5.2 5.6 2 4.8
4.8 4.6 3 3.4 4.6
5.8 4.8 5.4 2 4.8
2.8 5.4 2.4 2.8 3.4
4.8 3.2 4.4 5 4.4
5.2 5.2 5.4 2 5.2
5.4 3.4 5 2.2 5
4.4 2 3.4 5.8 2.6
4.4 4.2 3.8 4.2 5
4.6 4.6 4 4.8 5
2.4 2.4 2.8 4.2 5.2
5.4 4.8 4.4 1.6 5
5 3.6 3.4 4.5 4.4
5.2 5.8 5.4 1.4 5.4
5 4.2 4 1.4 4
4.6 5.8 4.6 3.4 5.2
4 3.8 4 3 5.2
4.4 4.4 2.8 2.2 4
4.4 5 4 3.2 4.6
4.8 4.2 5 1.4 5.6
5.8 4.6 5.8 1.75 5
4.2 3.4 3.2 4 3.5
5.6 4.8 4.8 3.4 4.8
4.4 6 4.4 1.8 4.75
4 2.4 3.2 5.2 3.2
4.8 4.6 4.6 2.8 5
5.6 5.8 4.2 2.2 3.75
6 4.4 6 1.6 5.6
5.4 4.8 2.8 5.2 5.6
5.2 5 5.8 1 6
5.4 4.2 5.6 1.6 3.8
2.6 6 2.6 3.2 5
5 6 3.75 1.6 5.6
5.2 4 2.8 4.4 5.6
5.2 4.8 5.4 3.2 5.2
6 4 4 3.6 5
5.2 2.4 3.2 1.75 3.2
3.4 2.4 1.4 5.4 4.6
5.2 5.6 4.4 3.4 4.4
5.6 2.4 5.6 4.2 4.4
5.2 5.8 5.2 1 4.8
5.8 4.2 4.6 3.2 4.4
5.2 5.6 5 3.2 5
6 5.4 6 5.4 5
5.4 3.8 5.2 2.6 4.4
5.2 4.4 4.2 2.8 5.2
6 5.6 5 2.4 5.8
4.8 4.8 5.25 1.8 4.6
5.4 3.6 5.2 1.6 4.8
3.8 4 2.2 4.5 2.8
5.4 3 4 4 5.4
4 3.4 4.2 5.4 4.4
5.6 4.8 5 1.4 4.6
5.4 3.4 2.25 3.4 6
4.2 3.2 3.2 4.2 4.2
5.4 2 2.8 5.4 3.8
3.8 4.25 4.2 3.4 3.4
5.6 5.2 4 3.8 5.2
5 4.2 5.6 2 4.8
4.4 3.5 4.25 4.4 4.8
2.4 2.4 1.2 4.2 4.6
5.6 4.2 5 1.6 5.2
5.6 4.2 4 1.2 4.6
2.4 5.4 3.8 2.8 5.6
5.6 5.4 4 4 5.4
6 4 5.2 2.2 6
3.8 5.2 2.8 3.4 4.8
5.4 4.4 5.2 1.8 4.4
4.2 2.8 5.8 3.6 5
4.8 4.8 4.2 4.2 4.4
5.5 5.2 5.4 2 4.4
4.8 4.8 3.6 2.4 4.6
5.6 5 5 2.6 4.4
5.2 5 5.8 1.8 5
4.2 3.6 3 2.6 4.2
4 5 5 5.2 4.4
5.67 4.2 3.8 4.2 4
2.8 4.6 5.4 3 4.6
4.8 4.4 4.4 4.2 4.6
4 5.4 4.2 2.8 3.2
5.4 2.2 5.4 1.6 5
4.6 4.8 3.2 3.6 4.2
5.4 4.2 4.8 3.8 5
5 5.6 4.8 4 5
4.6 4.6 4.4 4.4 5.2
6 3.6 5.75 2.6 6
5.6 4.8 5.4 4 5.2
5.8 5.4 4 2 3.6
5 5.8 5 2.6 4.6
4 5 2.8 5.6 3.4
3.4 3 1.6 4.4 5.8
6 4 5 3.5 4.4
6 4 4.8 3.6 4.4
2.8 5 4.2 3 4
2.8 4.8 4.2 3 4
4.8 4.2 4.2 3 3.8
5.2 4.6 4 3 4.4
4.6 5.25 3.2 2.2 4.8
5.6 5.4 6 1.8 4.4
3.2 4 1.8 2.6 5.8
5 6 6 3.4 6
4 3.2 4.6 2 4.2
4.8 3.8 3 6 5.6
3.2 1.8 3.8 2.4 4.2
4.8 4.8 4.4 2.4 5
5 4.6 2.75 3.75 3
5.6 5.4 5 1.8 4.8
5.4 3.8 5.2 3.2 4.4
2.6 5.4 5.6 4.6 4
6 6 6 3 5.8
2.6 3.8 3.6 3.6 4.2
5.2 4.8 4.6 3.6 3.8
4 3.8 3.2 6 4.2
3.2 3.8 3 4.2 4.4
4.6 3.8 3.8 2.8 4
5.5 3.2 6 2 3
3 4.4 3.6 3.8 5.6
5.8 5.8 3.6 3.6 4.8
5.6 5.2 4.2 2.8 5
5.2 4 4.4 3.4 4.2
4.4 2.6 3 3.6 3.8
3.6 5.4 2.6 5 4.2
4 4.6 3 4.6 5.4
5 4.8 4.4 4.8 2.8
4.8 4.8 5.6 2.8 4.2
2.8 3.4 3.4 6 3.8
5.8 4.8 4.6 4.4 4.8
4.8 4 3.6 3.4 4.2
5.8 4.6 5.4 1.8 4.6
4.8 4.6 4.6 2.8 4.2
5.6 6 5.6 3 5.6
4.2 4.6 3.2 1.4 4.4
5 4.2 4 3.4 4
3.2 3.8 3.6 4.4 5
4.8 4.4 3.4 1 4.6
5.6 5.8 5.6 1.8 5.2
4.25 3.2 4.5 4.2 4
4.8 5 5.2 2.8 4.8
6 5 5.2 2 4.6
5.2 3.2 4.2 1 4.8
6 6 5.4 3.8 5.4
6 4.2 4.8 4.2 3.2
5.8 4.6 5.8 3.4 5
4.2 4.4 4.6 4.2 4.8
5.5 4.6 3 3.8 5
4.4 3.4 3.8 2 4.6
5.6 3.8 4.2 2 4
4 3.2 5.4 6 4.6
5.2 5.6 5.8 2.6 5
4.6 4.8 4 2.8 3.6
4.4 5 5.6 2.6 4.8
5 5.4 5 3.2 4.2
4.6 5.2 6 3 4.4
4 4 3.8 2.8 3.4
5 5.2 5.4 3.6 4.6
5.4 4.4 4.2 1.8 3.6
5.6 4 6 4 6
6 3.8 5.2 3.6 5
5.6 3.6 4.8 4 4.6
5.4 5 5.2 1 5
5.6 5.8 4.6 4 4.8
3.6 3.4 4.2 2.6 4.8
5.8 4.4 4 2.8 2.4
5.4 5.8 5 3.8 4.8
4.6 4.4 2.2 3.4 3.6
5 4.25 5 3.2 5
4.6 3.8 3 2.2 3.2
4.8 5.2 6 2.2 5.4
5.2 4.4 5.2 3 3.2
3.8 2.5 3 5.8 4
5 3.6 5 4.6 4.4
3.6 4.6 3.6 4.4 3.2
5 5.8 4.4 1 5
5.2 3.4 4.8 2.6 4.2
5 4.4 3.6 2.2 4.4
5.6 3.8 4 3.8 3.4
5.8 5 4.8 2.8 3.8
5 4.6 3.6 5.4 4.2
4.2 5 5 3.4 4.8
5.6 3.8 3.4 3.2 4.2
4.8 5.4 3.2 2.2 3.6
3.8 4 5 1 4.8
5.2 5 4.2 1.8 4.6
5.6 3.8 4.6 5 5.2
4.6 3.8 4.2 5.8 4.2
4.6 5.8 6 4.2 5.8
5.6 5.2 4 1.6 4.8
4.4 4 1.6 5 4
5.4 4.8 5.6 3.4 4.6
5.2 4.8 3.8 2.2 4.8
4.8 4.2 5.8 2.2 5
4.4 3.2 4 4 4.2
5.67 4.4 3.8 1.4 4.4
5.2 3.4 3.6 3 4.6
4.4 5.2 4.8 3.4 4.6
5.6 5.8 5.8 1.8 4.6
5.4 3.8 4.6 3.4 4.2
4.6 4.2 4.2 3.8 5
5.6 4.8 5.6 1.2 5.4
6 3.2 4.8 5.6 5.8
5.4 3.8 5.2 3.8 4.2
5.75 5.25 4 6 4
4 5.4 1.8 6 5.8
4.4 5.2 3.8 1.6 4.8
4.6 3.75 3.6 3.75 4
4.6 3.8 3.6 3.2 3.8
6 4 4.6 3.6 3.8
4 4 3.8 2.75 3.4
4 4 3.8 2.4 3.4
5.8 5.8 3.8 1.6 4.8
4.2 4.2 5 3.4 3.8
5.4 4.8 4.4 3.4 4.8
5.6 4.8 5 3.8 4.2
4.6 3.4 2.8 3 4.4
4.2 2.6 4.75 4.6 4.8
6 5.6 6 3.4 5
4.8 2.4 3.4 2.8 4.8
5.2 5.8 6 1.2 6
4.8 5.2 5.6 2.4 5
5.4 4.6 3 2.8 4.8
5.4 4.5 5.2 1.2 5.2
5.6 3 2.8 1.8 3.6
5.8 4.8 4.2 2.6 3.2
4.6 3.8 3.75 2.8 4.2
4.8 4.5 3.4 2 3.5
5.2 5 4.8 2 5
2 3 3 1 3
5.8 4.6 5 3.6 5.2
5.4 5.6 3.2 4 3.6
3.6 4.8 2.2 3.4 3.6
5 4.6 3.6 3.8 4.4
3.4 5.6 3 4.6 4
5.4 3.8 4.2 2.6 4
5 4 2.4 3.8 5.2
5.2 3.6 4.4 2 4.2
4.6 5 4.8 2.4 4.4
3.8 3 1.6 1.6 3
4.4 6 2 3.2 2.8
3.6 3.6 2.4 4 4.8
5.8 5 5.4 2 4.8
4.4 4.6 5.2 3.5 4.4
5.8 5.6 5 1.4 5.2
5.2 5.4 5.8 1.6 5
5.6 5.8 5 3.8 5
4.6 5.6 6 1.2 5.8
5.6 5.4 4.6 4 4.4
5.4 5 5.2 3.6 3.6
3.4 5.2 4.5 4.4 4.8
4.4 5.2 3.6 4.2 3.6
5 4.4 4.4 4.2 3.2
3.8 2.4 6 3.6 5.8
4.8 4.8 4.6 1.8 4.8
4.4 3.4 4.8 2.6 4
5.75 5 5.8 2.4 5.2
4.8 5.2 6 3.2 6
4 4.6 2.6 3.4 3.6
4.6 4.6 4.4 3 5.4
4.4 5.4 4 2.8 4.2
5.4 3 5 4.4 5
6 5 4.8 2.6 5.6
4.4 3.6 2.6 4 4.6
6 5.8 5.2 1.8 4.2
4.2 4.8 4 4.2 5
4 3.2 5.2 3.8 3.2
5 5.2 5.2 2 4.6
6 4 3 5.4 5.4
5.4 5.2 3.8 3.6 4.4
4.8 4.4 3.8 3 3.8
5.6 4.8 1.4 3.2 4.2
4.4 4.2 3.4 4.2 5
2.6 4.2 3.8 4.8 3.8
6 5.2 5.4 3 5
5.2 4.25 4.2 4.75 5
6 5.8 5.6 1.8 5.8
2.6 3.2 4 4.8 5.2
4.6 3.2 4 6 5.2
4.6 4 3.4 4.4 3.8
5.4 5.2 3.8 4.2 5
3 5.4 3 4.6 5.6
5.8 5.8 4.8 1.8 5.4
6 4.8 5.6 2.6 5.8
4.2 2 3.2 2.2 4.4
6 4.25 4.2 4.8 5
6 6 6 1.2 6
5.4 5.4 4.2 4.8 5.6
5.2 4 4.6 3 4.6
4.4 3 3.8 4.8 4
5.4 3.6 6 5.2 5.8
6 3 4.8 4.8 5.8
5.8 5 5.6 2 5.4
4.4 2 4.6 4 5.8
5.4 6 5 2 4.4
4.2 5.4 4.8 1.8 4.8
4.4 3.4 3.8 4.4 3.6
3.6 4.4 1.6 1.8 4.4
2.6 2.6 3.6 2.8 5
5.8 5.6 4 2.8 5.2
4.6 4.6 3.8 3.4 3.8
5.4 4.2 4 5.4 4.4
5.8 5.4 4 1.8 4.8
4.8 2.8 5.6 3.8 3.2
5.2 4.6 3.8 4 4.6
5.4 5.2 5.2 2.8 4.6
5.4 5.2 4.4 1.6 4
5.6 5.4 4.8 2.8 4.8
5.2 4.4 6 2.4 5.4
4.4 4.4 5.8 3.2 5.4
4 4 3.2 4.2 3.6
4.2 3.8 4 3.4 3.8
3.8 6 5.4 2 3.4
5.8 4.2 4 1.8 4.6
4.8 4.8 3.8 3.6 4.4
5 3.2 4.6 3 6
5.4 4 5 2.8 4.2
4.8 4.6 5.4 4.4 4.2
5 5 5 1.2 3.2
4.2 5.2 2.8 2.8 4.4
5 4.4 3.2 1.6 4.8
5.6 5.4 5 2.8 4.2
5.4 5.25 5.2 3.2 4.2
5.4 4.8 3.6 2.4 5.4
6 4.8 3.6 3 5.4
4 2 2.6 4.8 5.6
2.8 4.6 2.8 2.8 5.4
5.4 4.2 2.4 3.6 4.6
5.2 3.4 4.2 3 4.6
6 5.6 3.8 3.4 4.4
4.2 2.8 3.6 1.8 4.8
5 5 4.8 2.4 3.8
4.6 4.6 4.2 4.2 5
3.4 4.8 4.6 3.4 5.6
5.6 4 4.6 1.75 5.4
4.8 4.6 3.8 4 3.4
4.4 4.8 3.2 2.2 3.6
5 6 4.2 3 3.6
4.8 4.8 2.8 1.8 4.6
5.8 5 5.2 1.6 4.2
5.8 4.8 4.2 2 3.4
4.8 3.6 3.6 3.4 5.6
5.4 4 4.6 2.8 4.4
5.6 4.6 4.2 4.4 5.6
4.8 3.4 3.2 3.8 4.8
3.4 4 3 4 5.4
3 4 3 1 6
4.6 4.8 4.2 1.4 3
3 4.6 1.6 5.4 3.8
5 5 4.75 2.6 4.2
6 4.4 5.2 1.8 5.2
5 3.6 4.6 1.8 4.2
4.8 4.8 2.8 4 3.8
5.6 4.4 3.6 1.4 4.4
4 4 2.8 3.8 4.4
4.4 3.6 1.8 2 5
5.2 2.6 3.2 4 3.4
4.4 3.4 4.4 4.2 5.2
4.8 4.8 3.8 3 4.6
5.4 4.8 4 2.2 3.6
4.4 4 2.8 3.2 4.4
5.8 5.6 4.4 3.4 5
5.25 5.5 5 2.75 5.4
5.4 5 4.2 2 4.75
5 5.2 4.8 3.6 5.2
4.6 5.2 1.8 1.8 5
5.8 5.4 5.2 1.4 5.2
4.6 4.8 3.8 3 4.6
5.8 5 5.4 4 4.8
5.2 3.2 5.4 3.6 4.6
5 5 5 3.8 5.4
4.6 2.2 3.2 3.4 4.4
4.8 3.8 3 3.4 4.6
5.8 4.4 4.6 2 4.6
4 4.4 4.6 3 5.2
5.4 5.8 2.4 5.4 3.8
3.8 4.8 4.4 5.8 5.8
4.2 3.6 3.8 3.4 3.4
5.8 5 5.8 1 6
5.4 3.8 4.4 1.4 5
4 3.4 4 1.8 5.2
5.6 3.2 3.2 2.6 5.4
5.8 3.4 4 2.4 4.4
5 4 3.8 3 4.4
4.8 4 4.6 2.2 4
5.6 4.4 5.2 1.8 4.6
4 3.4 2.8 4.8 5.8
5.2 5.4 4.2 2.2 5.6
5 3.8 3.6 2.4 5
5.2 5.6 5.4 1.6 4.4
3.4 4.6 3 1.4 4.6
5.4 4.6 3.4 4.6 3.6
5.2 4.2 3.4 3.2 3.6
4.4 3.4 4.6 3.6 6
5.4 4.2 4.6 2.4 5.8
5 4.8 3 2.2 4.25
5 4.2 4.8 2.2 4
3.2 5.4 3 3.8 5
5.6 1.8 5 2.8 6
4.4 4.4 3.8 5 4.2
5.8 2.8 5.2 2 5.4
5.6 5 3.6 3 6
4.6 4.6 4 4.2 5.6
6 5.8 2 2.2 2.8
4.2 3.6 2.6 2.8 4.6
5.6 3.8 5.4 2.8 5.4
6 2.6 5 1 6
5 3.25 4.4 1.6 4.6
5 3.6 4.4 1.6 4.6
5 3.8 4.4 1.6 4.6
5 4.2 4.4 1.6 4.6
5.2 4.2 4 3.8 5.6
4.6 4 4.2 3.2 4.8
2.4 3 1.8 1.4 5.4
3.8 5 4.6 2.8 5.6
4 4 4.4 3 4.2
4.2 5.2 4.4 3.6 5.2
5 5 4.75 3.8 5.2
4.6 3.8 4 3.8 4.8
4.8 4.2 4.8 3.8 4.4
3.4 4.6 2.2 3.2 5
3.6 3 2 4.8 5
5.2 4.6 3.6 3.2 5.8
5.4 2.8 5.8 3.4 4.75
4.8 5.6 4.6 1.6 5.6
5.4 5.8 5 1.8 4.8
4.8 5.4 5.8 2.2 5
3.4 3.2 2.4 4.2 5
4 2.8 1.5 3.2 5.4
4.8 4.8 5.6 3.8 4.2
4.2 3 3.8 3.4 3.2
5.2 4.8 4 2.8 4.6
4.4 4.75 4.2 3 4.2
4.6 5 3.6 2.8 4.8
5.6 5.4 3.6 2.4 5.6
4.4 5 4.8 2 3.8
6 5.2 5 3.8 4.4
5.6 4.2 3.6 2.4 4.2
5 4.2 5.2 2 3.6
5.4 2.2 3.8 1.2 3.4
5.4 3.6 3.8 3 4.6
3.8 4.6 3.8 1.4 3.8
4.8 4.4 5.4 2.2 3.6
3 5 4.8 3.8 4.2
4.4 4.8 4.6 2 5
5.8 4.2 5 1 4.4
4.4 4 3.4 2.8 4.6
5.2 3.2 2.2 2.2 5
5 3.6 3 4.4 4.2
5.8 3.8 5.6 1.8 5
4.8 3.6 4.8 2.8 3.2
5 4.8 3.8 4.4 4
4.2 4.4 3.4 4 4.6
5.2 5.2 3.4 4.2 5.6
5.6 5 4.6 1.6 3.6
6 3.8 5 1 4.8
4.6 5.4 4.8 1 4.8
5.8 5.25 3.4 2.2 5
3 4 3.2 2.8 3
4 4 3.8 4.8 5.75
5.2 3.8 3.8 3.2 2.8
5 3.4 3.6 2.6 4.2
4.2 4 5 4.4 4
6 5 5.4 2.8 4.8
5 4.4 2.4 2.4 3.2
4.2 4.4 3.4 2.8 3.2
5.4 3.6 4 2.6 3.6
2.8 4.8 2.8 3.2 5.2
3.6 6 2 3.8 4.6
5.4 5.2 3.8 2.2 5
5.6 4.8 4.4 2.2 4.6
3.8 4.6 4.4 5.8 3.6
4.4 4.6 5.6 2.4 5
3.4 5.8 3.2 1.4 3.2
6 4.8 5.8 1 5
5.4 4.8 3.2 3.2 5.4
5.4 6 5.8 2 5.2
5.25 5 5.4 1.8 4.6
4.4 3 1.8 2.2 4.6
4.6 5 3.4 5 5.2
4.6 3.6 5.2 2.4 4
4.8 4.6 5.4 3.2 4.4
4.2 4.2 4 4.6 3.4
5.2 4.8 4.6 2.2 3.8
4.4 4.2 5 1.8 3.4
5 5.8 5.2 2.8 6
3.8 4.2 4.4 2.2 3.6
4 4.6 4.2 3.6 4.4
5 4 2.6 3.2 5.2
5 3.8 4 2.8 3.8
4.2 4 3.75 3 5.6
6 5.4 4.4 1.2 3.6
3.6 4.2 3.4 4.4 4.6
2.5 4.5 4.5 5 4.5
5.6 4.2 5.6 1.4 4.6
5.2 4.4 4 3 5.4
4.4 4.4 4 3 4.2
4.8 5.2 1.8 3.8 4.8
5.2 5.4 4.4 2.8 4.4
2 5.8 1 1 5
4.25 4 2.5 2.4 3.8
6 5 5 4.4 6
3.4 4.2 5 4.4 5
4.2 3.4 5.6 5.4 4.4
3.2 2 2.6 4.4 6
4 5.2 4.8 4.4 3.8
5 5 5.6 1.4 5.8
3.8 3.6 4.2 3.6 3.8
4.2 4.6 3.2 1.2 5.2
3.2 2.8 3.8 4.8 4
5 4.4 6 4.6 5.4
5.4 3.6 4.2 5.4 4.4
4.4 4.2 3.2 4.6 5.2
3.6 4 1.2 5.6 4.4
4.8 3.8 3.2 3.2 3
5.8 5.2 4.2 2.75 4.8
4.75 4.4 3.2 3.6 4
4 4 3.6 4 4.4
5.4 5.2 3.6 2.8 5.4
5.8 5.6 5.4 2.2 4.8
3.8 4 3 3.6 4.2
5.8 5 4.6 3.2 5.2
4.4 3.2 5 3.4 5.2
4.2 5 3.8 2 5.8
5.4 4.6 4.4 2.8 4.4
3.8 4.2 2.8 3.6 4.8
3.4 3 3.4 4.8 4.8
4.6 4.6 3.2 4 5.2
4.8 4 5 2.2 4.8
5 4.8 4.6 3.2 5.8
3.8 5.6 3.4 2.6 5.2
5.2 3.8 3.2 5.2 5
6 6 2 6 4.6
4.4 2.4 5.4 3.8 4.2
3.8 3.6 4.4 2.6 4.6
5.2 4.2 5.4 2 4.2
3.4 2.4 2.6 5.25 5
4 4.2 4 3.6 3.4
2 4.4 3.4 1.8 5.6
4.6 4.6 3.6 5.2 3.4
5 4.4 2.8 3.4 4.6
6 4.6 5 1.6 5.4
5.8 4.2 3.2 4.6 3
5.4 4.4 4.4 1.6 5.4
3.4 4.4 4.6 3.6 5
4.2 3.8 4.6 3.4 4
3.8 4 2.8 3.6 3.8
5.8 5.4 5.8 1.6 4.8
3.4 4.2 5.4 2.8 5
5.4 5.6 5.8 1 5.6
4.8 3.8 3.4 3.2 4.2
4.8 4.6 2.6 3.2 2
4.2 4 3.8 2.5 4.2
5.2 5.4 4.2 2 5.2
5 5.2 4.2 3.6 3.6
4.8 4.4 4.8 4.2 4.6
4.8 4.67 5.2 2.4 4.4
5.2 6 5.2 2.2 6
5.25 3.6 3.6 3.2 4
4.2 3.6 4.6 3.6 5.4
4 4.2 4.8 3.2 3.6
5.4 4.8 5.4 4.2 4.4
3.2 5.2 4.8 3.8 4.6
5 3.8 5 4 4.4
5.2 4.4 3.8 3.6 4.4
5.6 4.8 4.6 3.2 4.6
4 3.6 4.4 3.6 3.4
3.2 3.2 4.6 3.2 4.6
5 5 6 3.8 4
5.4 4.6 5.4 1.6 4.4
3.4 5.6 2.2 5.8 5.8
5.8 4.8 5 4 3.8
5.2 4.2 6 2 5
4.4 2.6 3.6 4 4
4.2 5.2 5.2 3.4 5.2
6 3.4 3.6 3.2 3.6
4.2 4.4 3.8 4.8 5.8
2.8 4.2 4.4 2 3.2
3.6 4.4 3.6 4.2 3
3.2 2.4 3 4.8 5.2
4.8 3.6 4.25 4.2 4.5
5.4 5.2 5 2.8 5.4
6 3.4 4 3.6 3.8
5.2 4.8 3.6 3 4.8
5.4 6 6 4.2 6
4.6 4.6 2.6 3.6 4
4.2 4.8 6 2.6 6
5.6 2.75 5 2.4 4
4 4.8 3.2 4.2 5.6
4.6 4 4.2 2.8 3.25
4.2 4 4.2 2.2 4.4
6 5 6 1.6 5.4
5.6 3.6 3.6 3 5.6
4.6 4.4 5.4 3.4 5
4.8 4.6 3 2 5.2
5 4.2 3 4.4 5.2
5.6 5 4.6 3.2 4.8
4.6 6 2.6 4.8 6
3.6 5.8 4.8 3.6 5.6
6 5.4 4.6 2.2 4.2
5 4.2 4 2.6 4.4
4.25 4.75 4.2 3.2 4
4 3.6 3.6 4.6 5.2
4.2 4.4 2.4 2.2 3.8
5.2 4 5.2 3.2 4
5.4 2.2 5.2 3.2 3.4
3.8 5.8 2.6 1.8 3
5 4.4 5.5 3.8 4
4.4 4.4 4 3.4 5
4.4 2 2.8 4.8 3.2
3.4 4.8 3.4 3 5.8
5.8 5.2 4 1.6 5
5.4 5.6 4 3.4 4.2
5.8 5 5.8 1 5.8
5.8 4.8 3.6 1.8 4.6
4.8 4.6 5.4 5.8 5.2
5 4.8 5.6 4.4 4.8
4.8 4.8 3.4 1.4 4
5.2 5 3 1.4 4.8
5.2 3.8 4.4 3.6 5.4
6 5.2 6 3.2 5.8
5.4 4.8 5.4 1.8 4.6
6 5.4 4.2 3.4 5
4.8 4.4 3.8 1.8 4
5.8 3.4 5.8 2.8 4.6
4.4 4.2 2.6 1.4 3
5.6 4.2 4.4 2 4.4
5 3.4 5 1.4 4
5.8 4.6 5.6 2.6 4.6
5.4 2.8 3.2 1.4 4
4.8 3.4 3.8 1.4 5.2
4.4 4.6 4.6 2.4 5.6
4.2 4.4 3.2 3.6 3.4
5 3 5.8 4.4 5
5.4 2.8 5.4 4 4.4
4.2 4.6 3.8 3 4.2
4.4 2.2 2.4 2.6 3
5 4.6 1.6 4 2.2
5.8 5.4 2.6 3.2 6
4.8 3.4 5.4 4.4 5.2
4.8 5 4.6 2 4.4
5 4.8 4.2 2.8 4.6
4 3.4 4.2 3.6 4.4
4.8 5 6 3.2 4.6
4.6 3.4 4.6 2.8 4.2
5.8 5.8 5.6 3.6 5
3.8 4.6 3 3 4.8
5.4 4.8 4.8 2.6 4.2
5.4 4 4 3.8 4.6
5.8 4.2 4.8 5 5.4
3.2 3.75 2.5 2.8 4.8
4.6 3.8 4.2 4.6 4.8
4.8 4 4 1.4 3.6
5 3.6 2.4 3.8 4.2
4 4.2 3.8 2.4 4.8
4.8 4.25 4.2 3 5
2.8 2.2 3 3.6 5.4
4.8 4.4 3.8 2.4 5.2
5.2 4.8 4.4 5.6 4
4.4 5.4 5 4.2 6
5 4.75 5.8 2.8 5.4
6 5.8 6 1 4.6
2.4 5 2.4 5.8 4.8
5.8 1.6 5 1.8 5.8
5 5.8 4.2 4.2 4.8
3 4 4 1.25 5.8
2.8 5.4 4 4.8 4.6
4.8 3.6 2.6 5.2 3.2
2 2.4 3.4 4.6 3.4
3 4.8 4.75 4.8 4
4 2.8 2.4 4 3.2
4 4.2 3.4 4.2 3.6
4 4.2 4 1.6 4.4
2.4 4.6 1.8 2.4 3.2
3 3.2 2.8 3 5
5.4 3 4 2.8 5.8
3.4 4.8 2.8 5.8 5.8
4.8 4.8 3.6 3.8 4
5.2 3.2 5.2 2 5.4
4.2 4.6 4.4 3.8 3.4
4.6 5.4 4.6 2 6
5.8 4.6 4.6 4.2 4.8
6 4.6 3.2 1.4 4.8
5 4.6 2.6 2.4 5.2
5.2 4.8 4.2 2 4.8
1.8 5 1.4 2.4 3.2
4.4 4 3.6 2.2 5.8
3.8 3.8 3.4 3.6 5.4
5.4 5.4 5.2 2.6 5.8
4.2 4 4.6 3.6 3.4
4.6 5.4 3.8 4 3
4.6 2.4 3.6 4 4.2
5.2 4.6 4.4 2.8 6
4.4 4 5.8 3 6
4.6 1.8 5 4.6 4.4
5 3.6 2.8 3 4.4
4.8 4.2 4.2 3.6 3.2
3.8 4 4.2 1.4 5
3.4 3.4 4.4 4.8 4.6
3.8 4.6 4.6 2.8 4.6
5.6 5.6 5 2.4 5.8
4.6 5 3.5 1 3.6
4.6 5 4 1.6 4.6
3.6 2.8 4.2 3.2 4.2
4.4 3.6 2.4 4 3.4
5.4 4.4 4.8 3 5.4
3.8 3.4 1.2 5.4 5.6
5.2 4 3.6 4.6 5.6
2 3.8 1.4 2.6 3.6
5 2.4 4 2.4 4.6
3.8 2.6 1.2 5.4 4.2
2.6 4.2 1.6 3 5.2
4.6 4.6 4 4.4 4.4
5.6 3.2 4.8 1 3.8
5 4.2 4 1.6 4.4
4.8 4.2 2.8 4.4 5
5.6 5.4 6 1 6
4.6 5.4 4.4 2.8 5
4.8 3.6 2.6 4.2 4.2
4.2 4.8 5.4 2.4 5
2.4 5 3.4 2.2 5.8
6 5.6 5.4 3.6 4.2
4.4 3.2 4.6 3.8 4
4.8 4.2 4.4 3.8 4.6
3.6 4.4 4 4.4 4
4 4.8 4.2 3.6 5.2
5 5 3.2 3.6 4.6
4.2 4.2 4.4 5 3.6
4.75 5 5.4 3.8 3.8
4.8 3.2 4.8 3.5 2.8
2.6 3 2.2 3 5.2
5.6 5.8 5.2 2 5.2
4 4.2 2.6 2.8 5
5 5 4.6 3.8 4.8
5.2 5.4 4.8 2.4 5.2
4.6 5.2 1.2 2.6 4.8
5 5.6 4.2 2.4 4.8
5.2 5.6 4 1.2 4.2
6 4.8 5.2 3 5.8
4.2 5.4 3.6 5 5.8
4.6 4.6 2.8 4.4 3.8
5.2 4.25 5.2 3 3.4
4.8 4.2 4.2 1.8 4
5.8 3.6 5.6 3.8 5.4
4.4 5 4.6 2.4 2.8
4 5 3.8 3.4 3.6
5 5.4 4.6 6 6
5 4.2 4.6 1.6 4.4
5.2 4.2 3.8 2.6 5.8
5.6 5.2 5.6 1.2 5
5.6 1.2 4.2 3.4 5.4
4.6 4 5 4.8 3.6
5.4 5.4 3 3 5.8
4.2 4.6 4.4 3.2 3.6
2.8 3.6 2 2.2 4.4
4.8 3 4.8 2 4.8
3.8 4.2 4.75 3 4.6
5.4 2.8 4 2 5.4
6 6 5.4 1 3.8
4 4.2 4.8 2.8 5.2
5.4 3.4 5.6 3 5
2.6 4.6 2.6 3.8 4.6
5.4 5.2 5.4 2.2 5.6
4 4.2 3.4 3.6 4
4 3.2 4.6 4.6 3.6
2.8 1.8 3.2 3.4 3.6
4.8 3.6 4.25 3 4.6
5 3.8 2.4 1.8 3
4.2 5 2.8 1.4 4.2
5.2 2 5.4 1 6
5.6 4.8 5 1.4 3.4
4.6 3.6 2.2 2 2.6
4.2 2.2 4.8 4.8 3.4
5.8 4.2 4.6 2.2 5.6
4 3.8 4.8 3 4.4
4 4.4 4 1.25 4.2
5.6 4.6 5.2 4.4 5.8
5 5 5.4 3.6 3.8
5.4 2.4 4 5.2 5.8
3.8 3.6 3 4.2 4
3.6 3.4 4 2.8 3.6
4.6 3.2 4.4 1.8 4
4.6 5.6 5 1.8 5
5.8 3.8 5.2 3 5.2
3 4.4 5.2 4.6 4.6
3.4 4.6 4 3.4 3.4
4.4 4.2 3 3.4 4
4.8 4.8 3.4 2.4 4.6
3.6 5.6 5.4 5.4 5.2
4 3.6 3 2.4 2.4
4.6 4.8 4 4.4 4.8
4.4 4.4 4.6 2.4 4.2
1.8 5.8 4.2 4.6 5.6
2.75 3.4 5.4 5 5.4
4.2 4.2 4.4 3.4 4.2
3.2 3.2 3 3.8 3.6
2.8 4.4 1.8 5.4 4.6
4.6 4 4.2 4.6 4.6
2.2 2 1.6 5.6 2.4
3.4 5.25 4.2 3 3.2
4 3.4 5 5.25 4.8
4.2 2.4 3.5 4.2 4.2
4.2 4.4 3.2 4 3.8
1.8 2.4 5.2 3 4
3.4 5 4 3.8 4.2
5 4.75 5.2 3.2 3.4
4 3.6 3.8 4 3.4
2.6 3.4 5 1.8 2.6
4 3 2.5 3.6 3.8
5 4.6 4.4 3.6 4.6
6 6 5.4 1.6 5
3.6 3.2 1.6 3.2 4.2
4.4 4.6 3.4 5 5.6
3.4 1.8 2.2 2.6 4.6
4.6 1.4 3.4 4.6 5
3.4 4.4 3.8 2.2 4.6
4.8 5.2 5 1.4 5
4.8 4.4 3.2 3.2 4.6
4.8 5 4.4 4 3.4
3.2 3.4 3.2 2.6 4.8
2.8 5 2 1.8 5
4.8 3.4 2.8 2.8 4.2
3.4 3.6 4.6 2.2 3.6
4.8 4.4 5 3.2 4.2
4.6 3.4 4.8 2.6 3.8
4.4 5.6 4.4 3.6 3.8
4.4 3.2 2 3.2 5.6
5.2 6 5.8 1.2 4.4
5.4 3.6 5.2 4.6 4
5.2 4.4 3.6 3.8 5.4
4.67 5.33 5 5 4
2.4 3.4 3.8 1.6 3.6
5 5.2 4.6 3.4 4.4
2.8 3.6 3.6 3.6 3.6
5.6 4.4 3.8 3.2 4.4
3.8 4.6 3.8 2.2 4
3.6 3.6 4.4 3.8 3.4
2.6 3.2 4.6 1.8 2.8
5.2 2.8 4 5.2 5
4.6 5.6 4.8 2 4.4
5.8 4.6 5 1.4 4.4
5.6 3 5.8 3.2 5.2
4.2 4.6 3.4 2.2 3.8
4.4 5 4.4 1 4.6
5.2 3.4 4 4 5.6
2.8 5 4.2 5 4.4
4.8 5.4 5.2 1 5
5 5 3 2 5.2
5.8 4.4 4.8 3.2 5.4
4.8 3.4 5.2 3.6 4.2
5.4 5.8 5.8 2 5.4
6 5.2 4.6 3.2 4.8
5.2 4.4 4 4.6 4.8
4 4 4.2 1.8 3.4
2.2 1.2 2 2.4 4.8
6 4.2 6 5.2 4.6
4.6 3.8 3.6 4.2 4.4
4.6 3.2 3.8 4.2 3.8
5 4.6 3 4.8 4.8
4.6 5.4 4 3.2 3.8
3.4 4.2 3.6 3 3
5.6 3.2 5.4 2.6 5
3.6 4.4 3.4 2.6 3.6
6 6 6 1.6 6
2.6 2.8 2.4 3 5.2
4.2 4 2.4 4 4.8
4.8 4.6 5.8 3 4.6
5.4 5.4 6 4.2 5.4
5 4.6 4.4 3.6 3.6
3.75 4.4 4 2.6 5.25
5.6 4.4 4.4 2.2 4.4
5 5.6 4.8 2.2 5.2
5.8 5 5.2 1.6 4.6
5.2 5.2 4.6 1.2 3.8
2.8 1.6 1.2 4 4.8
1.6 3 1.2 2.4 5.4
5 3.6 3 2.8 4.6
5.25 3 5.6 2.8 5
4.2 5.2 3 4.8 6
5.2 5.6 5.2 1 5.8
3.4 5.6 2.2 3 3.4
3.4 3.6 2.6 4.2 5.6
4.2 4.6 4.8 4.6 4.8
5.2 3.6 5.8 2.6 5.8
4.4 4 1.8 4 5.4
6 6 6 1 5.6
4.4 5 2.8 2.4 5
5.6 5.8 4.6 3.2 4.8
4.5 4 5 4.33 4.67
5 4.2 4.8 4.4 4.75
5 4.2 4.8 4.4 4.8
3.4 3.6 2.6 5 3.4
5.4 5 4.8 3.5 5
4.4 3.8 4.2 3 5
4.4 3.6 3.6 4 4.2
5 4.4 4 2.6 4.2
5.2 2.2 5.2 1.2 4.4
4.4 4.6 4.4 3.4 5.2
4.8 4.8 4.2 1 4
4.2 4 2.8 2.2 3.8
4.2 4.4 3.4 4.4 4
4.8 4 2.4 4 5.6
4.2 3.6 3.6 5.2 4.4
3.8 3.4 1.4 2.5 2
4.8 4.8 4.6 3.8 3.4
5.2 3.2 2.6 4.2 3.8
5.2 5.6 5 3 5
2.2 2.4 3.8 3 4.6
5.6 2.8 4 5.8 4.8
3.8 5.6 3.2 4 5.4
3 2 6 2.75 2.25
4.4 5.4 5.4 3.4 5.4
5.2 1.8 4 3.6 5.2
3.8 4.4 2.8 4 5.2
4.8 3.8 5.2 2.6 5
4.6 5.8 4 2.6 5.6
4.8 4.4 3.2 2 3.8
4.2 2.4 5 5.4 4.6
2.4 3.8 2 4.4 3.6
4.2 4.4 3.6 5.4 5.6
4.8 4.2 4.8 2 4
2.6 4.4 3.6 4 4.4
4.8 4.4 4.4 4.6 4.2
3.8 3.6 4.6 3.8 5.4
4.8 4 2.8 2.8 4
3.8 4.4 4.4 2 5.4
4.6 4.8 3.8 1.6 4.4
4.4 4.2 3.8 2.2 4.4
5.4 4.6 4.2 4.4 4.2
3.4 3 3.8 1.8 5.4
5.2 4.2 4.8 3.8 2.75
5.2 5 6 4.2 6
5.8 4.2 3.6 1.8 6
6 5.8 5 4.4 6
2.6 2.8 1.2 3.4 5
5.8 3.4 4.4 2.5 3.4
3.8 3.8 2.4 3 3.6
4.8 4 4 6 3.6
4 3.8 3.2 3.6 4.4
5 4.8 4.2 3.2 4.8
4.8 3.6 4.8 2 5.8
1.6 2.6 2.6 2 4.2
5 4.2 4.4 3.2 3.8
4.8 4.8 2.4 1 3.8
5 5.6 3.6 3 4
4.4 4.2 2.8 4 3.75
4.4 3.6 4.4 4.2 4
4.2 4.4 3.4 4.2 5
4.75 4 5 3.6 4
5 5.4 4.4 1.8 5
3.8 3.8 2.6 3.8 5
4 3.6 1.2 5.4 3.4
3.4 3 4.2 3.8 5.4
5 5 3.4 4 3.4
5.4 6 3.8 4.4 3.2
4.2 5 3.4 4.8 4.2
4.6 4.6 3.4 2.2 5.2
4 4.6 4 1.4 5.6
4.2 3.6 4 3.4 3.6
5.6 4.4 4.2 1 4.8
4.2 3.6 2.2 4.2 4.6
4 4.6 4.2 5.2 3.8
5 5.2 3.8 2.2 4.2
6 5.8 6 1 5.8
6 5.8 4.8 1.4 5.6
3.6 5.25 4 5 5.4
5 5.4 5 2.2 4.2
5 4.4 1 3 5.8
5.4 3.8 5.2 3.2 5.2
4.67 4.8 5.5 4 5.2
5.6 4.6 5.4 4 5.2
4.6 4.8 2.6 2 5.4
5.6 5.4 5.8 4 5.6
4.6 3.2 3.2 3.2 5.4
5.6 4.8 5.2 2.4 5.2
5 3.6 4.4 2.75 4.8
4 5.6 4.8 3 3.6
4.4 3.6 3 3.4 4.4
3 3 3.4 4.8 3.6
4.6 3.8 4.6 4.2 3.6
3 4.2 2.4 5.4 5.2
4 3.4 4.4 3.8 5.6
2.2 6 5 1 6
4.2 3.2 4.2 2.75 4.8
4 5.4 5 2.8 5
2.8 4.2 4.6 4.2 5.2
3 4.2 2.6 1.4 4.6
